0,0
1,1
2,2
3,3
4,4
5,5
6,6
7,7
8,8
9,9
10,10
28,11
12,12
13,13
14,14
15,15
16,16
17,17
18,18
19,19
20,20
21,21
22,22
23,23
24,24
25,25
26,26
27,27
28,28
28,29
30,30
31,31
32,32
33,33
34,34
35,35
36,36
37,37
27,38
39,39
40,40
41,41
42,42
43,43
44,44
45,45
46,46
47,47
48,48
49,49
50,50
51,51
52,52
53,53
54,54
55,55
56,56
57,57
58,58
59,59
0,0
1,1
2,2
3,3
4,4
5,5
6,6
7,7
8,8
9,9
10,10
29,11
12,12
13,13
14,14
15,15
16,16
17,17
18,18
3,19
20,20
21,21
22,22
23,23
24,24
25,25
26,26
27,27
28,28
29,29
30,30
31,31
44,32
33,33
34,34
35,35
36,36
37,37
36,38
39,39
40,40
35,41
42,42
43,43
44,44
45,45
46,46
47,47
48,48
49,49
50,50
51,51
52,52
53,53
54,54
55,55
56,56
57,57
58,58
59,59
0,0
1,1
2,2
3,3
4,4
5,5
6,6
7,7
8,8
9,9
10,10
11,11
12,12
13,13
14,14
15,15
16,16
17,17
18,18
19,19
20,20
21,21
22,22
23,23
24,24
25,25
26,26
27,27
28,28
29,29
30,30
31,31
32,32
33,33
34,34
35,35
36,36
37,37
38,38
39,39
40,40
41,41
42,42
43,43
4,44
4,45
46,46
47,47
48,48
49,49
50,50
51,51
52,52
53,53
54,54
55,55
56,56
57,57
58,58
59,59
2,0
1,1
2,2
3,3
4,4
5,5
6,6
7,7
8,8
33,9
29,10
10,11
12,12
13,13
14,14
15,15
16,16
17,17
18,18
3,19
20,20
21,21
22,22
23,23
24,24
25,25
26,26
27,27
28,28
35,29
30,30
31,31
32,32
33,33
34,34
35,35
36,36
37,37
38,38
39,39
40,40
41,41
42,42
43,43
44,44
45,45
46,46
47,47
48,48
6,49
23,50
51,51
52,52
53,53
54,54
55,55
56,56
57,57
58,58
59,59
0,0
1,1
2,2
3,3
4,4
5,5
6,6
7,7
8,8
9,9
10,10
11,11
12,12
13,13
14,14
15,15
16,16
17,17
18,18
19,19
20,20
21,21
22,22
23,23
24,24
25,25
26,26
27,27
1,28
29,29
30,30
31,31
32,32
33,33
34,34
35,35
36,36
37,37
38,38
39,39
40,40
41,41
42,42
43,43
44,44
45,45
46,46
40,47
48,48
49,49
50,50
51,51
52,52
53,53
54,54
55,55
56,56
57,57
58,58
59,59
0,0
18,1
2,2
21,3
4,4
5,5
6,6
7,7
8,8
33,9
10,10
11,11
38,12
13,13
14,14
15,15
16,16
17,17
18,18
3,19
20,20
21,21
22,22
23,23
24,24
25,25
26,26
27,27
28,28
29,29
30,30
30,31
33,32
33,33
34,34
45,35
36,36
37,37
38,38
39,39
40,40
41,41
42,42
43,43
40,44
45,45
46,46
47,47
6,48
49,49
50,50
51,51
52,52
53,53
54,54
55,55
56,56
57,57
58,58
59,59
0,0
4,1
2,2
3,3
4,4
5,5
6,6
7,7
8,8
9,9
10,10
11,11
12,12
13,13
14,14
15,15
16,16
17,17
18,18
19,19
20,20
21,21
22,22
41,23
24,24
25,25
26,26
27,27
28,28
29,29
30,30
31,31
32,32
33,33
34,34
35,35
36,36
37,37
38,38
39,39
40,40
41,41
42,42
43,43
44,44
45,45
46,46
47,47
48,48
49,49
50,50
51,51
52,52
53,53
54,54
55,55
56,56
57,57
58,58
59,59
0,0
1,1
2,2
3,3
4,4
5,5
6,6
7,7
8,8
33,9
10,10
11,11
12,12
13,13
14,14
15,15
16,16
17,17
18,18
19,19
20,20
21,21
22,22
23,23
18,24
25,25
26,26
27,27
28,28
3,29
30,30
31,31
32,32
33,33
34,34
35,35
36,36
37,37
38,38
39,39
40,40
41,41
42,42
43,43
44,44
45,45
46,46
47,47
48,48
49,49
50,50
51,51
52,52
53,53
54,54
55,55
56,56
57,57
58,58
59,59
0,0
36,1
2,2
3,3
4,4
5,5
6,6
7,7
8,8
9,9
10,10
11,11
12,12
13,13
14,14
15,15
16,16
17,17
18,18
19,19
20,20
21,21
22,22
23,23
24,24
25,25
26,26
27,27
28,28
29,29
30,30
31,31
32,32
33,33
34,34
35,35
36,36
19,37
38,38
39,39
40,40
41,41
42,42
43,43
44,44
45,45
46,46
47,47
48,48
49,49
50,50
51,51
52,52
53,53
54,54
55,55
56,56
57,57
58,58
59,59
0,0
1,1
2,2
3,3
4,4
41,5
6,6
7,7
8,8
9,9
29,10
11,11
12,12
13,13
14,14
15,15
16,16
17,17
18,18
19,19
20,20
21,21
22,22
23,23
24,24
25,25
26,26
27,27
28,28
9,29
30,30
31,31
32,32
33,33
34,34
35,35
36,36
37,37
38,38
39,39
40,40
41,41
42,42
43,43
44,44
45,45
46,46
47,47
48,48
49,49
50,50
51,51
52,52
53,53
54,54
55,55
56,56
57,57
58,58
59,59
0,0
1,1
2,2
3,3
4,4
5,5
6,6
7,7
8,8
9,9
10,10
11,11
12,12
13,13
14,14
16,15
16,16
17,17
18,18
19,19
20,20
21,21
22,22
23,23
24,24
25,25
26,26
27,27
28,28
1,29
30,30
31,31
32,32
33,33
34,34
35,35
36,36
37,37
38,38
39,39
40,40
41,41
42,42
43,43
44,44
45,45
46,46
47,47
48,48
49,49
50,50
51,51
52,52
53,53
54,54
55,55
56,56
57,57
58,58
59,59
0,0
1,1
2,2
3,3
4,4
5,5
13,6
7,7
8,8
33,9
29,10
29,11
12,12
13,13
14,14
15,15
16,16
17,17
18,18
19,19
20,20
21,21
22,22
23,23
18,24
25,25
26,26
27,27
28,28
9,29
30,30
30,31
0,32
9,33
34,34
35,35
2,36
37,37
38,38
39,39
40,40
41,41
42,42
43,43
44,44
45,45
46,46
47,47
48,48
49,49
51,50
51,51
52,52
53,53
54,54
55,55
56,56
57,57
58,58
59,59
0,0
1,1
2,2
3,3
4,4
5,5
6,6
7,7
8,8
9,9
33,10
11,11
12,12
13,13
14,14
16,15
16,16
17,17
18,18
19,19
20,20
21,21
22,22
23,23
24,24
25,25
26,26
27,27
28,28
29,29
30,30
31,31
32,32
33,33
34,34
35,35
36,36
37,37
38,38
39,39
44,40
41,41
42,42
43,43
44,44
45,45
46,46
47,47
48,48
49,49
50,50
51,51
52,52
53,53
54,54
55,55
56,56
57,57
58,58
59,59
0,0
1,1
2,2
3,3
4,4
5,5
6,6
7,7
8,8
9,9
10,10
10,11
12,12
13,13
14,14
15,15
23,16
17,17
18,18
19,19
20,20
21,21
22,22
23,23
24,24
25,25
26,26
27,27
28,28
29,29
30,30
31,31
32,32
33,33
34,34
35,35
36,36
37,37
38,38
39,39
40,40
41,41
42,42
43,43
44,44
45,45
46,46
47,47
48,48
49,49
50,50
51,51
52,52
53,53
54,54
55,55
56,56
54,57
58,58
59,59
17,0
17,1
2,2
3,3
4,4
5,5
6,6
7,7
8,8
9,9
10,10
29,11
13,13
14,14
16,15
16,16
17,17
18,18
19,19
20,20
21,21
22,22
23,23
18,24
25,25
26,26
27,27
28,28
11,29
30,30
31,31
32,32
33,33
34,34
35,35
36,36
37,37
38,38
39,39
40,40
41,41
42,42
43,43
44,44
45,45
46,46
47,47
48,48
49,49
50,50
51,51
52,52
53,53
54,54
55,55
56,56
57,57
58,58
59,59
0,0
1,1
2,2
3,3
4,4
5,5
6,6
7,7
8,8
9,9
10,10
1,11
12,12
13,13
14,14
15,15
23,16
17,17
18,18
19,19
20,20
21,21
22,22
23,23
24,24
25,25
26,26
27,27
28,28
29,29
30,30
31,31
32,32
33,33
34,34
35,35
36,36
37,37
38,38
39,39
40,40
41,41
42,42
43,43
44,44
45,45
46,46
47,47
48,48
49,49
50,50
51,51
52,52
53,53
54,54
55,55
56,56
57,57
58,58
59,59
0,0
1,1
2,2
3,3
4,4
5,5
6,6
7,7
8,8
9,9
10,10
29,11
12,12
13,13
13,14
16,15
16,16
17,17
18,18
19,19
20,20
21,21
22,22
23,23
24,24
25,25
26,26
27,27
28,28
29,29
30,30
31,31
32,32
33,33
34,34
35,35
36,36
37,37
38,38
39,39
38,40
41,41
42,42
43,43
44,44
45,45
46,46
47,47
48,48
49,49
50,50
51,51
52,52
53,53
54,54
55,55
56,56
57,57
58,58
59,59
0,0
1,1
2,2
21,3
4,4
5,5
6,6
7,7
8,8
9,9
10,10
10,11
12,12
13,13
14,14
15,15
23,16
17,17
18,18
19,19
20,20
6,21
22,22
23,23
46,24
25,25
26,26
27,27
28,28
29,29
30,30
31,31
32,32
33,33
34,34
35,35
36,36
37,37
38,38
39,39
40,40
41,41
42,42
37,43
40,44
45,45
46,46
49,47
48,48
49,49
50,50
51,51
52,52
53,53
54,54
55,55
56,56
57,57
58,58
59,59
0,0
1,1
2,2
3,3
4,4
5,5
6,6
7,7
8,8
9,9
10,10
11,11
12,12
13,13
14,14
25,15
23,16
17,17
18,18
19,19
20,20
21,21
22,22
23,23
24,24
25,25
26,26
27,27
28,28
29,29
30,30
31,31
32,32
33,33
34,34
35,35
36,36
37,37
38,38
39,39
40,40
41,41
42,42
43,43
44,44
45,45
46,46
47,47
48,48
49,49
50,50
51,51
52,52
53,53
54,54
55,55
56,56
57,57
58,58
59,59
0,0
1,1
2,2
3,3
4,4
5,5
6,6
7,7
8,8
9,9
10,10
11,11
12,12
13,13
14,14
23,15
23,16
17,17
18,18
19,19
20,20
22,21
22,22
23,23
24,24
25,25
26,26
27,27
28,28
29,29
30,30
31,31
32,32
12,33
34,34
35,35
36,36
37,37
38,38
39,39
40,40
41,41
42,42
43,43
44,44
45,45
46,46
47,47
45,48
49,49
50,50
51,51
52,52
53,53
54,54
55,55
56,56
57,57
58,58
59,59
0,0
1,1
2,2
3,3
4,4
5,5
6,6
7,7
8,8
27,9
10,10
11,11
12,12
13,13
14,14
25,15
23,16
17,17
18,18
19,19
20,20
6,21
22,22
23,23
24,24
25,25
26,26
27,27
28,28
33,29
30,30
31,31
32,32
33,33
34,34
35,35
36,36
37,37
40,38
39,39
40,40
41,41
42,42
43,43
44,44
18,45
46,46
47,47
48,48
49,49
50,50
51,51
53,52
53,53
54,54
55,55
43,56
57,57
58,58
59,59
0,0
1,1
2,2
3,3
4,4
5,5
6,6
7,7
8,8
9,9
10,10
11,11
12,12
13,13
14,14
23,15
16,16
17,17
18,18
19,19
20,20
21,21
22,22
23,23
24,24
25,25
26,26
27,27
28,28
29,29
30,30
31,31
32,32
48,33
34,34
35,35
36,36
37,37
38,38
39,39
40,40
41,41
42,42
46,43
44,44
45,45
46,46
47,47
48,48
49,49
50,50
51,51
52,52
53,53
54,54
55,55
56,56
57,57
58,58
59,59
0,0
1,1
2,2
3,3
4,4
5,5
6,6
7,7
8,8
9,9
10,10
11,11
12,12
13,13
14,14
25,15
16,16
17,17
18,18
19,19
20,20
21,21
22,22
23,23
24,24
25,25
26,26
27,27
28,28
29,29
30,30
31,31
32,32
33,33
34,34
35,35
36,36
37,37
38,38
39,39
40,40
41,41
42,42
43,43
44,44
45,45
2,46
47,47
48,48
49,49
50,50
51,51
52,52
53,53
54,54
55,55
56,56
57,57
58,58
59,59
0,0
1,1
2,2
3,3
4,4
5,5
6,6
7,7
8,8
9,9
10,10
11,11
12,12
13,13
14,14
23,15
4,16
17,17
18,18
19,19
20,20
21,21
22,22
23,23
24,24
25,25
26,26
27,27
28,28
27,29
30,30
31,31
32,32
12,33
34,34
35,35
18,36
37,37
38,38
39,39
40,40
41,41
42,42
43,43
36,44
45,45
3,46
47,47
48,48
49,49
50,50
51,51
52,52
53,53
51,54
57,55
56,56
57,57
58,58
59,59
2,0
1,1
2,2
3,3
4,4
5,5
6,6
7,7
8,8
9,9
10,10
28,11
12,12
13,13
14,14
16,15
16,16
17,17
37,18
19,19
20,20
21,21
22,22
23,23
24,24
25,25
26,26
27,27
29,28
29,29
30,30
31,31
32,32
33,33
34,34
35,35
36,36
37,37
38,38
39,39
40,40
41,41
42,42
43,43
44,44
45,45
46,46
47,47
48,48
49,49
50,50
51,51
52,52
53,53
54,54
55,55
56,56
57,57
58,58
59,59
2,0
1,1
2,2
3,3
4,4
5,5
6,6
7,7
8,8
9,9
10,10
11,11
12,12
13,13
14,14
15,15
16,16
17,17
18,18
19,19
20,20
21,21
22,22
23,23
24,24
25,25
26,26
27,27
28,28
29,29
30,30
31,31
32,32
33,33
34,34
35,35
36,36
37,37
38,38
39,39
40,40
41,41
42,42
43,43
44,44
45,45
46,46
47,47
48,48
49,49
50,50
51,51
52,52
53,53
54,54
55,55
56,56
57,57
58,58
59,59
2,0
1,1
2,2
3,3
4,4
5,5
6,6
8,8
33,9
28,10
28,11
12,12
13,13
14,14
15,15
16,16
17,17
18,18
19,19
20,20
21,21
22,22
23,23
24,24
25,25
26,26
43,27
29,28
29,29
30,30
31,31
32,32
33,33
34,34
35,35
36,36
37,37
38,38
39,39
40,40
41,41
42,42
43,43
44,44
45,45
46,46
47,47
48,48
49,49
50,50
51,51
52,52
53,53
54,54
55,55
56,56
57,57
58,58
59,59
2,0
1,1
2,2
3,3
4,4
5,5
6,6
7,7
8,8
9,9
28,10
11,11
12,12
13,13
14,14
16,15
16,16
17,17
18,18
19,19
20,20
21,21
22,22
23,23
24,24
25,25
26,26
27,27
28,28
29,29
30,30
31,31
32,32
33,33
34,34
35,35
36,36
37,37
38,38
39,39
40,40
41,41
42,42
43,43
44,44
45,45
46,46
47,47
48,48
49,49
50,50
51,51
52,52
53,53
54,54
55,55
56,56
57,57
58,58
59,59
2,0
1,1
2,2
3,3
4,4
5,5
6,6
7,7
8,8
9,9
11,10
11,11
12,12
13,13
14,14
16,15
16,16
17,17
18,18
19,19
20,20
21,21
22,22
23,23
24,24
25,25
26,26
27,27
28,28
29,29
30,30
31,31
32,32
33,33
34,34
35,35
36,36
37,37
38,38
39,39
40,40
41,41
42,42
43,43
44,44
45,45
46,46
47,47
48,48
49,49
50,50
51,51
52,52
53,53
54,54
55,55
56,56
57,57
58,58
59,59
0,0
1,1
2,2
3,3
4,4
5,5
6,6
8,8
9,9
10,10
11,11
12,12
13,13
14,14
15,15
16,16
18,17
18,18
19,19
20,20
21,21
22,22
23,23
24,24
25,25
26,26
43,27
32,28
29,29
30,30
31,31
32,32
33,33
34,34
35,35
36,36
37,37
38,38
39,39
40,40
41,41
42,42
43,43
47,44
45,45
37,46
44,47
48,48
49,49
50,50
51,51
52,52
53,53
54,54
55,55
56,56
57,57
58,58
59,59
0,0
1,1
2,2
3,3
4,4
5,5
6,6
7,7
8,8
39,9
10,10
28,11
12,12
13,13
14,14
14,15
16,16
17,17
18,18
19,19
20,20
21,21
22,22
23,23
24,24
25,25
26,26
27,27
28,28
2,29
30,30
31,31
32,32
33,33
34,34
35,35
36,36
37,37
38,38
39,39
40,40
41,41
42,42
43,43
44,44
45,45
46,46
47,47
48,48
49,49
50,50
51,51
52,52
53,53
54,54
55,55
56,56
57,57
58,58
59,59
0,0
6,1
2,2
3,3
4,4
5,5
6,6
7,7
8,8
33,9
11,10
11,11
12,12
13,13
14,14
16,15
16,16
1,17
18,18
10,19
20,20
21,21
22,22
23,23
24,24
25,25
26,26
27,27
5,28
29,29
30,30
31,31
32,32
33,33
34,34
35,35
36,36
37,37
38,38
39,39
40,40
41,41
42,42
43,43
44,44
45,45
46,46
47,47
48,48
49,49
49,50
51,51
52,52
53,53
54,54
55,55
56,56
57,57
58,58
59,59
0,0
1,1
2,2
3,3
4,4
5,5
6,6
7,7
8,8
9,9
10,10
11,11
12,12
13,13
14,14
16,15
16,16
17,17
18,18
19,19
20,20
21,21
22,22
23,23
24,24
25,25
26,26
27,27
28,28
29,29
30,30
31,31
32,32
33,33
34,34
35,35
36,36
37,37
38,38
39,39
40,40
41,41
42,42
43,43
44,44
45,45
46,46
47,47
48,48
49,49
54,50
51,51
52,52
53,53
54,54
55,55
56,56
57,57
58,58
59,59
0,0
1,1
2,2
3,3
4,4
5,5
6,6
7,7
8,8
9,9
11,10
11,11
12,12
13,13
14,14
15,15
16,16
1,17
18,18
19,19
20,20
21,21
22,22
23,23
24,24
25,25
26,26
27,27
28,28
29,29
30,30
31,31
32,32
33,33
34,34
35,35
36,36
37,37
38,38
39,39
40,40
41,41
42,42
43,43
44,44
45,45
46,46
47,47
48,48
6,49
50,50
51,51
52,52
53,53
54,54
55,55
56,56
57,57
58,58
58,59
0,0
1,1
2,2
3,3
4,4
5,5
6,6
7,7
8,8
9,9
10,10
11,11
12,12
13,13
14,14
16,15
16,16
17,17
18,18
19,19
20,20
21,21
22,22
23,23
24,24
25,25
26,26
0,27
28,28
29,29
30,30
31,31
32,32
33,33
34,34
35,35
36,36
37,37
38,38
39,39
2,40
41,41
42,42
43,43
44,44
45,45
46,46
47,47
48,48
49,49
50,50
51,51
52,52
53,53
54,54
55,55
56,56
57,57
58,58
59,59
0,0
27,1
2,2
3,3
4,4
5,5
6,6
7,7
8,8
9,9
10,10
28,11
12,12
13,13
14,14
16,15
16,16
17,17
18,18
1,19
20,20
21,21
22,22
23,23
45,24
25,25
26,26
27,27
28,28
29,29
30,30
31,31
32,32
33,33
34,34
35,35
36,36
37,37
38,38
39,39
40,40
41,41
42,42
43,43
45,44
45,45
46,46
47,47
48,48
49,49
50,50
51,51
52,52
53,53
54,54
55,55
56,56
57,57
58,58
59,59
0,0
1,1
2,2
3,3
4,4
5,5
6,6
7,7
8,8
9,9
10,10
11,11
12,12
13,13
14,14
15,15
16,16
17,17
18,18
19,19
20,20
21,21
22,22
23,23
24,24
25,25
26,26
27,27
28,28
29,29
30,30
31,31
32,32
33,33
34,34
35,35
36,36
37,37
38,38
39,39
40,40
41,41
42,42
2,43
44,44
45,45
46,46
47,47
48,48
49,49
50,50
51,51
52,52
53,53
54,54
55,55
56,56
57,57
58,58
59,59
0,0
1,1
2,2
3,3
4,4
5,5
6,6
7,7
8,8
9,9
10,10
28,11
12,12
13,13
14,14
15,15
16,16
1,17
18,18
19,19
20,20
21,21
22,22
23,23
24,24
25,25
26,26
27,27
28,28
29,29
30,30
30,31
32,32
33,33
34,34
35,35
36,36
37,37
38,38
39,39
40,40
41,41
42,42
27,43
44,44
45,45
46,46
47,47
48,48
49,49
50,50
51,51
52,52
53,53
54,54
55,55
56,56
57,57
58,58
59,59
0,0
1,1
2,2
3,3
4,4
5,5
6,6
7,7
8,8
9,9
10,10
10,11
12,12
13,13
14,14
15,15
16,16
17,17
18,18
19,19
20,20
21,21
22,22
23,23
24,24
25,25
26,26
27,27
28,28
29,29
30,30
31,31
32,32
33,33
34,34
35,35
36,36
37,37
38,38
39,39
40,40
41,41
42,42
43,43
44,44
45,45
46,46
47,47
48,48
49,49
50,50
51,51
52,52
53,53
54,54
55,55
56,56
57,57
58,58
59,59
0,0
1,1
2,2
3,3
4,4
5,5
6,6
7,7
8,8
9,9
10,10
11,11
12,12
13,13
14,14
15,15
16,16
17,17
18,18
19,19
20,20
21,21
22,22
23,23
24,24
25,25
26,26
27,27
28,28
29,29
30,30
31,31
32,32
33,33
34,34
35,35
36,36
37,37
38,38
39,39
40,40
41,41
42,42
2,43
44,44
45,45
46,46
47,47
48,48
49,49
50,50
51,51
52,52
53,53
54,54
55,55
56,56
57,57
58,58
59,59
0,0
1,1
2,2
3,3
4,4
5,5
6,6
7,7
8,8
9,9
10,10
11,11
12,12
13,13
14,14
15,15
16,16
17,17
18,18
19,19
20,20
21,21
22,22
23,23
24,24
25,25
26,26
27,27
28,28
29,29
30,30
31,31
32,32
33,33
34,34
35,35
36,36
37,37
38,38
39,39
40,40
41,41
42,42
43,43
44,44
45,45
46,46
47,47
48,48
49,49
50,50
51,51
52,52
53,53
54,54
55,55
56,56
57,57
58,58
59,59
0,0
1,1
2,2
3,3
4,4
5,5
6,6
7,7
8,8
9,9
10,10
11,11
12,12
13,13
14,14
15,15
16,16
2,17
45,18
19,19
20,20
21,21
22,22
23,23
24,24
25,25
26,26
27,27
28,28
29,29
30,30
31,31
32,32
33,33
34,34
35,35
36,36
37,37
38,38
39,39
40,40
41,41
42,42
43,43
44,44
45,45
46,46
47,47
48,48
49,49
50,50
51,51
52,52
53,53
54,54
55,55
56,56
57,57
58,58
59,59
0,0
1,1
2,2
3,3
4,4
5,5
6,6
7,7
8,8
9,9
10,10
11,11
12,12
13,13
14,14
15,15
16,16
17,17
18,18
19,19
20,20
21,21
22,22
23,23
24,24
25,25
26,26
27,27
12,28
29,29
30,30
31,31
32,32
33,33
34,34
35,35
36,36
37,37
38,38
39,39
40,40
41,41
42,42
17,43
44,44
45,45
46,46
47,47
48,48
49,49
50,50
51,51
52,52
53,53
54,54
55,55
56,56
57,57
58,58
59,59
0,0
1,1
0,2
3,3
4,4
5,5
6,6
7,7
8,8
9,9
10,10
29,11
12,12
13,13
14,14
15,15
16,16
17,17
18,18
19,19
20,20
21,21
22,22
23,23
24,24
25,25
26,26
27,27
11,28
11,29
30,30
31,31
32,32
33,33
34,34
35,35
36,36
37,37
38,38
39,39
40,40
41,41
42,42
43,43
44,44
45,45
46,46
47,47
48,48
49,49
50,50
51,51
52,52
53,53
54,54
55,55
56,56
57,57
58,58
59,59
0,0
1,1
2,2
3,3
4,4
5,5
6,6
7,7
8,8
9,9
32,10
11,11
12,12
13,13
14,14
15,15
16,16
17,17
18,18
19,19
20,20
21,21
22,22
23,23
24,24
25,25
26,26
27,27
28,28
29,29
30,30
31,31
32,32
33,33
34,34
35,35
36,36
37,37
38,38
39,39
40,40
41,41
42,42
43,43
44,44
45,45
46,46
47,47
48,48
49,49
50,50
51,51
53,52
53,53
54,54
55,55
56,56
57,57
58,58
59,59
0,0
1,1
0,2
3,3
4,4
5,5
6,6
7,7
8,8
10,9
10,10
11,11
12,12
13,13
14,14
15,15
15,16
17,17
18,18
19,19
20,20
21,21
22,22
23,23
4,24
25,25
26,26
27,27
11,28
29,29
30,30
31,31
32,32
33,33
34,34
35,35
36,36
37,37
38,38
39,39
40,40
41,41
42,42
43,43
44,44
45,45
46,46
47,47
48,48
49,49
50,50
51,51
52,52
53,53
54,54
55,55
56,56
57,57
58,58
59,59
0,0
1,1
2,2
3,3
4,4
5,5
6,6
7,7
8,8
9,9
11,10
11,11
12,12
13,13
14,14
15,15
16,16
17,17
18,18
19,19
20,20
21,21
22,22
23,23
24,24
25,25
26,26
27,27
28,28
29,29
30,30
31,31
32,32
33,33
34,34
35,35
36,36
37,37
38,38
39,39
40,40
41,41
42,42
17,43
44,44
45,45
46,46
47,47
48,48
49,49
50,50
51,51
52,52
53,53
54,54
55,55
56,56
57,57
58,58
59,59
0,0
1,1
43,2
3,3
4,4
5,5
12,6
56,7
53,8
53,9
55,10
28,11
55,12
13,13
14,14
17,15
55,16
18,17
18,18
29,19
3,20
31,21
22,22
23,23
56,24
25,25
26,26
1,27
29,28
55,29
53,30
31,31
32,32
9,33
34,34
3,35
28,36
37,37
38,38
39,39
40,40
41,41
42,42
43,43
44,44
45,45
46,46
47,47
48,48
49,49
50,50
51,51
53,52
53,53
54,54
55,55
56,56
57,57
58,58
59,59
0,0
1,1
2,2
3,3
4,4
5,5
6,6
7,7
8,8
9,9
10,10
10,11
12,12
13,13
14,14
15,15
16,16
17,17
18,18
19,19
20,20
21,21
22,22
23,23
24,24
25,25
26,26
27,27
28,28
29,29
30,30
31,31
32,32
33,33
34,34
35,35
3,36
37,37
38,38
39,39
40,40
41,41
42,42
43,43
44,44
45,45
46,46
47,47
48,48
49,49
50,50
51,51
52,52
53,53
54,54
55,55
56,56
57,57
58,58
59,59
0,0
1,1
2,2
3,3
4,4
5,5
6,6
7,7
8,8
9,9
11,10
11,11
12,12
13,13
14,14
15,15
16,16
43,17
18,18
19,19
20,20
21,21
22,22
23,23
24,24
25,25
26,26
27,27
28,28
56,29
30,30
31,31
32,32
33,33
34,34
35,35
36,36
37,37
38,38
39,39
40,40
41,41
42,42
43,43
44,44
45,45
46,46
47,47
48,48
49,49
50,50
51,51
52,52
53,53
54,54
55,55
56,56
57,57
58,58
59,59
0,0
1,1
17,2
13,3
44,4
5,5
6,6
7,7
8,8
9,9
10,10
10,11
33,12
13,13
14,14
15,15
15,16
17,17
18,18
1,19
20,20
21,21
17,22
23,23
24,24
25,25
26,26
27,27
28,28
11,29
30,30
31,31
32,32
9,33
34,34
10,35
3,36
37,37
38,38
39,39
40,40
41,41
42,42
43,43
44,44
45,45
46,46
47,47
48,48
35,49
50,50
51,51
52,52
53,53
54,54
55,55
56,56
57,57
58,58
59,59
0,0
1,1
2,2
3,3
4,4
5,5
6,6
7,7
8,8
9,9
11,10
11,11
12,12
13,13
14,14
15,15
16,16
17,17
18,18
19,19
20,20
21,21
22,22
23,23
24,24
25,25
26,26
27,27
4,28
22,29
30,30
31,31
32,32
33,33
34,34
35,35
36,36
37,37
38,38
39,39
40,40
41,41
42,42
43,43
44,44
45,45
46,46
47,47
48,48
49,49
50,50
51,51
52,52
53,53
54,54
55,55
56,56
57,57
58,58
59,59
0,0
1,1
2,2
3,3
4,4
5,5
6,6
7,7
8,8
9,9
10,10
11,11
12,12
13,13
14,14
15,15
16,16
43,17
18,18
19,19
20,20
21,21
22,22
23,23
45,24
25,25
26,26
27,27
28,28
29,29
30,30
31,31
32,32
33,33
34,34
35,35
36,36
37,37
38,38
39,39
40,40
41,41
42,42
43,43
44,44
45,45
46,46
47,47
48,48
49,49
50,50
51,51
52,52
53,53
54,54
55,55
56,56
57,57
58,58
59,59
17,0
0,1
2,2
21,3
4,4
5,5
6,6
7,7
8,8
9,9
12,10
10,11
12,12
13,13
14,14
16,15
16,16
18,17
18,18
19,19
20,20
0,21
22,22
23,23
24,24
25,25
26,26
0,27
28,28
35,29
30,30
31,31
32,32
22,33
34,34
29,35
36,36
37,37
38,38
39,39
40,40
41,41
42,42
43,43
44,44
45,45
46,46
47,47
48,48
49,49
50,50
51,51
52,52
53,53
54,54
55,55
55,56
57,57
58,58
59,59
0,0
1,1
2,2
3,3
34,4
5,5
6,6
7,7
8,8
9,9
10,10
11,11
12,12
13,13
14,14
15,15
16,16
17,17
18,18
19,19
20,20
21,21
22,22
25,23
24,24
25,25
26,26
27,27
28,28
35,29
30,30
31,31
32,32
33,33
34,34
35,35
36,36
37,37
38,38
39,39
40,40
41,41
42,42
43,43
44,44
45,45
46,46
47,47
48,48
49,49
50,50
51,51
52,52
53,53
54,54
55,55
56,56
57,57
58,58
59,59
0,0
1,1
2,2
3,3
4,4
5,5
6,6
7,7
8,8
9,9
10,10
28,11
12,12
13,13
14,14
15,15
16,16
17,17
18,18
19,19
20,20
21,21
22,22
23,23
24,24
25,25
26,26
27,27
28,28
2,29
30,30
31,31
32,32
33,33
34,34
35,35
36,36
37,37
38,38
39,39
40,40
41,41
42,42
43,43
44,44
45,45
46,46
47,47
48,48
49,49
49,50
51,51
52,52
53,53
54,54
55,55
56,56
57,57
58,58
59,59
0,0
1,1
2,2
3,3
6,6
7,7
8,8
28,9
22,10
11,11
10,12
6,13
14,14
15,15
16,16
17,17
18,18
19,19
20,20
21,21
22,22
23,23
24,24
25,25
26,26
27,27
28,28
29,29
30,30
31,31
46,32
33,33
34,34
35,35
36,36
37,37
38,38
39,39
40,40
41,41
42,42
43,43
44,44
45,45
46,46
47,47
48,48
49,49
50,50
51,51
52,52
53,53
54,54
55,55
56,56
57,57
58,58
59,59
0,0
1,1
2,2
3,3
4,4
5,5
6,6
7,7
8,8
39,9
11,10
11,11
12,12
13,13
14,14
15,15
16,16
17,17
18,18
19,19
20,20
21,21
22,22
23,23
24,24
25,25
26,26
27,27
9,28
29,29
30,30
31,31
32,32
33,33
34,34
35,35
36,36
37,37
38,38
39,39
40,40
41,41
42,42
43,43
44,44
45,45
46,46
47,47
48,48
49,49
50,50
51,51
52,52
53,53
54,54
55,55
56,56
57,57
58,58
59,59
0,0
1,1
0,2
3,3
45,4
5,5
6,6
7,7
8,8
43,9
10,10
29,11
12,12
13,13
14,14
15,15
16,16
17,17
18,18
19,19
20,20
21,21
22,22
23,23
24,24
25,25
26,26
27,27
28,28
29,29
30,30
31,31
32,32
33,33
34,34
35,35
36,36
37,37
38,38
39,39
40,40
41,41
42,42
43,43
44,44
45,45
46,46
47,47
48,48
49,49
49,50
49,51
52,52
53,53
54,54
55,55
56,56
57,57
59,58
59,59
0,0
18,1
2,2
3,3
4,4
5,5
6,6
42,7
10,10
16,11
12,12
9,13
14,14
15,15
16,16
17,17
18,18
1,19
48,20
21,21
22,22
23,23
25,25
26,26
17,27
9,28
0,29
30,30
30,31
32,32
33,33
34,34
35,35
13,36
37,37
38,38
39,39
40,40
41,41
42,42
17,43
44,44
45,45
20,46
47,47
48,48
49,49
50,50
51,51
52,52
53,53
54,54
55,55
56,56
57,57
58,58
59,59
0,0
1,1
2,2
3,3
4,4
5,5
6,6
7,7
8,8
9,9
10,10
11,11
12,12
13,13
14,14
15,15
16,16
17,17
18,18
19,19
20,20
21,21
22,22
23,23
24,24
25,25
26,26
27,27
28,28
29,29
30,30
31,31
32,32
33,33
34,34
35,35
18,36
37,37
38,38
39,39
40,40
41,41
42,42
43,43
44,44
45,45
46,46
47,47
48,48
49,49
50,50
51,51
52,52
53,53
54,54
55,55
56,56
57,57
58,58
59,59
0,0
1,1
2,2
3,3
4,4
5,5
6,6
7,7
8,8
9,9
12,10
28,11
12,12
13,13
14,14
15,15
16,16
17,17
18,18
19,19
20,20
21,21
22,22
23,23
24,24
25,25
26,26
27,27
31,28
35,29
30,30
31,31
32,32
33,33
34,34
35,35
36,36
37,37
38,38
39,39
40,40
41,41
42,42
43,43
44,44
45,45
46,46
47,47
48,48
49,49
50,50
51,51
52,52
53,53
54,54
55,55
56,56
57,57
58,58
59,59
0,0
1,1
2,2
3,3
4,4
5,5
6,6
7,7
8,8
9,9
10,10
11,11
12,12
12,13
14,14
16,15
16,16
17,17
18,18
19,19
20,20
21,21
22,22
23,23
24,24
25,25
26,26
27,27
28,28
29,29
30,30
30,31
32,32
33,33
34,34
35,35
1,36
37,37
38,38
39,39
40,40
41,41
42,42
43,43
44,44
45,45
46,46
47,47
48,48
49,49
50,50
51,51
52,52
53,53
54,54
55,55
56,56
57,57
58,58
59,59
0,0
1,1
2,2
3,3
4,4
5,5
6,6
7,7
8,8
9,9
10,10
11,11
12,12
13,13
14,14
15,15
16,16
17,17
18,18
19,19
20,20
21,21
22,22
23,23
24,24
25,25
26,26
27,27
28,28
29,29
30,30
31,31
32,32
33,33
34,34
35,35
36,36
37,37
38,38
39,39
36,40
41,41
42,42
17,43
44,44
45,45
46,46
47,47
48,48
51,49
50,50
51,51
52,52
53,53
54,54
55,55
56,56
57,57
58,58
59,59
0,0
2,2
4,4
5,5
6,6
7,7
8,8
35,9
10,10
11,11
12,12
13,13
14,14
15,15
16,16
17,17
18,18
19,19
20,20
21,21
22,22
23,23
24,24
25,25
26,26
27,27
29,28
27,29
30,30
31,31
32,32
33,33
34,34
35,35
36,36
37,37
38,38
39,39
40,40
41,41
42,42
43,43
44,44
45,45
46,46
47,47
48,48
49,49
50,50
51,51
53,52
53,53
54,54
55,55
56,56
57,57
58,58
59,59
0,0
4,1
2,2
3,3
24,4
5,5
6,6
7,7
8,8
9,9
12,10
27,11
12,12
13,13
14,14
15,15
16,16
17,17
18,18
19,19
20,20
21,21
22,22
23,23
4,24
25,25
26,26
27,27
31,28
24,29
30,30
31,31
32,32
33,33
34,34
35,35
36,36
37,37
38,38
39,39
36,40
41,41
42,42
43,43
44,44
45,45
46,46
47,47
48,48
49,49
50,50
51,51
52,52
53,53
54,54
55,55
54,56
57,57
58,58
59,59
0,0
1,1
2,2
3,3
4,4
5,5
6,6
7,7
8,8
9,9
10,10
11,11
12,12
13,13
14,14
15,15
16,16
3,17
18,18
3,19
20,20
21,21
22,22
23,23
40,24
25,25
26,26
3,27
28,28
29,29
30,30
31,31
32,32
33,33
34,34
35,35
36,36
37,37
38,38
39,39
40,40
41,41
42,42
43,43
44,44
45,45
46,46
47,47
48,48
49,49
50,50
51,51
52,52
53,53
54,54
55,55
56,56
57,57
58,58
59,59
0,0
1,1
2,2
3,3
4,4
5,5
6,6
7,7
8,8
9,9
10,10
29,11
12,12
13,13
14,14
15,15
16,16
1,17
27,18
19,19
20,20
21,21
22,22
23,23
15,24
25,25
26,26
1,27
0,28
29,29
30,30
35,31
32,32
33,33
34,34
35,35
36,36
37,37
38,38
39,39
2,40
41,41
42,42
3,43
44,44
45,45
46,46
47,47
48,48
49,49
50,50
51,51
52,52
53,53
54,54
55,55
56,56
57,57
58,58
59,59
0,0
1,1
2,2
19,3
10,4
5,5
13,6
7,7
8,8
9,9
28,10
28,11
12,12
13,13
14,14
15,15
16,16
17,17
18,18
19,19
21,20
21,21
22,22
23,23
24,24
25,25
26,26
2,27
28,28
29,29
30,30
21,31
32,32
33,33
34,34
1,35
36,36
37,37
38,38
39,39
40,40
41,41
42,42
43,43
44,44
45,45
46,46
47,47
48,48
49,49
49,50
51,51
52,52
53,53
54,54
55,55
56,56
57,57
58,58
59,59
0,0
1,1
2,2
3,3
4,4
5,5
6,6
7,7
8,8
21,9
19,10
1,11
12,12
13,13
14,14
15,15
16,16
17,17
18,18
19,19
20,20
21,21
22,22
23,23
1,24
25,25
26,26
13,27
28,28
11,29
39,30
3,31
32,32
33,33
34,34
35,35
36,36
37,37
38,38
39,39
2,40
41,41
42,42
17,43
44,44
45,45
46,46
47,47
48,48
49,49
50,50
50,51
52,52
53,53
54,54
55,55
56,56
57,57
58,58
59,59
43,0
20,1
28,2
24,3
4,4
5,5
6,6
34,7
9,9
11,10
11,11
13,12
13,13
14,14
23,23
26,26
15,29
13,30
37,31
32,32
33,33
34,34
36,35
20,36
37,37
27,38
39,39
26,40
41,41
42,42
43,43
44,44
45,45
46,46
47,47
48,48
49,49
50,50
51,51
52,52
53,53
54,54
55,55
56,56
57,57
58,58
59,59
0,0
1,1
3,3
4,4
5,5
13,6
7,7
8,8
30,9
1,10
29,11
12,12
13,13
14,14
15,15
16,16
17,17
18,18
19,19
20,20
21,21
35,22
23,23
24,24
25,25
26,26
46,27
29,28
29,29
30,30
46,31
32,32
33,33
34,34
35,35
36,36
35,37
38,38
39,39
3,40
41,41
42,42
43,43
45,44
45,45
46,46
47,47
48,48
49,49
30,50
54,51
54,52
30,53
54,54
55,55
56,56
30,57
58,58
59,59
0,0
1,1
2,2
3,3
4,4
5,5
6,6
7,7
8,8
9,9
10,10
29,11
12,12
13,13
14,14
15,15
16,16
17,17
18,18
19,19
20,20
21,21
22,22
23,23
24,24
25,25
26,26
27,27
48,28
29,29
30,30
31,31
32,32
33,33
34,34
35,35
36,36
37,37
38,38
39,39
40,40
41,41
42,42
2,43
44,44
45,45
46,46
47,47
48,48
55,49
50,50
51,51
52,52
53,53
54,54
55,55
56,56
57,57
58,58
59,59
0,0
48,1
2,2
3,3
4,4
5,5
6,6
7,7
8,8
33,9
10,10
29,11
12,12
13,13
14,14
15,15
16,16
17,17
18,18
19,19
20,20
21,21
22,22
23,23
15,24
25,25
26,26
27,27
28,28
29,29
30,30
31,31
32,32
33,33
34,34
35,35
36,36
37,37
38,38
39,39
40,40
41,41
42,42
43,43
45,44
45,45
46,46
47,47
48,48
51,49
50,50
51,51
52,52
53,53
54,54
55,55
56,56
57,57
58,58
59,59
3,1
3,3
4,4
5,5
6,6
7,7
8,8
9,9
10,10
29,11
12,12
14,14
15,15
16,16
17,17
18,18
19,19
20,20
21,21
22,22
23,23
24,24
29,25
26,26
27,27
15,28
29,29
30,30
31,31
32,32
33,33
34,34
35,35
36,36
37,37
38,38
39,39
40,40
41,41
42,42
43,43
47,44
45,45
46,46
47,47
48,48
53,49
50,50
51,51
52,52
53,53
54,54
27,55
56,56
57,57
58,58
59,59
0,0
1,1
0,2
3,3
4,4
5,5
6,6
7,7
8,8
33,9
28,10
11,11
12,12
13,13
14,14
16,15
16,16
17,17
18,18
19,19
20,20
21,21
22,22
23,23
16,24
25,25
26,26
27,27
28,28
29,29
22,30
31,31
32,32
33,33
34,34
35,35
3,36
37,37
38,38
39,39
40,40
41,41
42,42
43,43
44,44
45,45
46,46
47,47
48,48
51,49
50,50
51,51
52,52
53,53
54,54
55,55
56,56
57,57
58,58
59,59
0,0
1,1
2,2
3,3
4,4
5,5
6,6
7,7
8,8
9,9
10,10
11,11
19,12
13,13
14,14
15,15
16,16
17,17
18,18
19,19
20,20
21,21
22,22
23,23
24,24
25,25
26,26
27,27
15,28
29,29
30,30
31,31
32,32
33,33
34,34
35,35
36,36
37,37
38,38
39,39
40,40
41,41
42,42
43,43
44,44
45,45
46,46
47,47
48,48
56,49
50,50
51,51
53,52
53,53
54,54
55,55
56,56
57,57
58,58
59,59
0,0
19,1
2,2
3,3
4,4
5,5
12,6
7,7
8,8
33,9
31,10
29,11
12,12
14,13
14,14
15,15
16,16
17,17
17,18
19,19
20,20
21,21
22,22
23,23
16,24
25,25
26,26
27,27
12,28
29,29
53,30
31,31
32,32
33,33
34,34
35,35
36,36
37,37
38,38
39,39
40,40
41,41
42,42
43,43
34,44
45,45
46,46
47,47
48,48
50,49
50,50
51,51
52,52
53,53
54,54
10,55
56,56
57,57
58,58
59,59
0,0
1,1
2,2
3,3
4,4
5,5
6,6
7,7
8,8
9,9
11,10
29,11
12,12
13,13
14,14
16,15
16,16
17,17
18,18
19,19
20,20
21,21
22,22
23,23
24,24
25,25
26,26
27,27
28,28
29,29
30,30
31,31
32,32
9,33
34,34
35,35
36,36
37,37
38,38
39,39
40,40
41,41
42,42
43,43
44,44
45,45
46,46
47,47
48,48
49,49
50,50
51,51
52,52
53,53
54,54
55,55
56,56
57,57
58,58
59,59
0,0
1,1
0,2
3,3
4,4
5,5
6,6
7,7
8,8
9,9
11,10
31,11
12,12
13,13
14,14
16,15
16,16
1,17
18,18
20,20
21,21
22,22
23,23
24,24
25,25
26,26
27,27
10,28
29,29
30,30
31,31
32,32
33,33
34,34
35,35
36,36
37,37
38,38
39,39
40,40
41,41
42,42
43,43
44,44
45,45
46,46
47,47
48,48
49,49
50,50
51,51
52,52
53,53
54,54
55,55
56,56
57,57
58,58
59,59
0,0
1,1
2,2
3,3
4,4
5,5
6,6
7,7
8,8
9,9
11,10
10,11
12,12
13,13
14,14
1,15
10,16
17,17
18,18
19,19
20,20
3,21
22,22
23,23
24,24
25,25
26,26
27,27
28,28
27,29
30,30
31,31
32,32
33,33
34,34
35,35
36,36
37,37
38,38
39,39
40,40
41,41
42,42
43,43
44,44
45,45
46,46
47,47
48,48
49,49
50,50
51,51
52,52
53,53
54,54
55,55
53,56
57,57
58,58
59,59
1,0
1,1
2,2
3,3
4,4
5,5
41,6
7,7
8,8
9,9
32,10
31,11
12,12
35,13
14,14
15,15
16,16
18,17
18,18
1,19
20,20
21,21
22,22
23,23
24,24
25,25
26,26
27,27
10,28
29,29
30,30
31,31
32,32
33,33
34,34
35,35
36,36
37,37
38,38
39,39
40,40
41,41
42,42
43,43
44,44
45,45
46,46
47,47
33,48
49,49
50,50
51,51
52,52
53,53
54,54
55,55
56,56
57,57
58,58
59,59
1,0
1,1
2,2
3,3
4,4
5,5
6,6
7,7
8,8
9,9
10,10
28,11
12,12
13,13
14,14
16,15
16,16
17,17
18,18
19,19
20,20
21,21
22,22
23,23
24,24
25,25
26,26
27,27
28,28
29,29
30,30
31,31
32,32
9,33
34,34
35,35
46,36
37,37
38,38
39,39
40,40
41,41
42,42
43,43
44,44
45,45
46,46
47,47
48,48
49,49
50,50
51,51
52,52
53,53
54,54
55,55
55,56
57,57
58,58
59,59
0,0
1,1
2,2
3,3
45,4
5,5
6,6
7,7
8,8
9,9
31,10
48,11
12,12
13,13
14,14
15,15
16,16
1,17
37,18
19,19
20,20
21,21
22,22
41,23
22,24
25,25
26,26
27,27
15,28
0,29
19,30
31,31
32,32
33,33
34,34
35,35
36,36
37,37
38,38
39,39
40,40
41,41
43,43
44,44
46,45
46,46
47,47
33,48
50,49
50,50
51,51
53,52
53,53
54,54
55,55
52,56
57,57
58,58
59,59
0,0
1,1
2,2
3,3
4,4
5,5
6,6
7,7
8,8
9,9
10,10
29,11
12,12
13,13
14,14
3,15
16,16
17,17
18,18
19,19
20,20
21,21
22,22
23,23
24,24
25,25
26,26
27,27
11,28
1,29
30,30
31,31
32,32
33,33
34,34
35,35
36,36
37,37
38,38
39,39
40,40
41,41
42,42
43,43
44,44
45,45
46,46
47,47
22,48
49,49
50,50
51,51
52,52
53,53
54,54
55,55
56,56
57,57
58,58
59,59
0,0
1,1
43,2
3,3
4,4
16,5
6,6
7,7
8,8
33,9
28,10
11,11
12,12
13,13
14,14
16,15
16,16
17,17
18,18
19,19
20,20
21,21
22,22
23,23
24,24
25,25
26,26
27,27
28,28
29,29
31,30
31,31
32,32
33,33
34,34
35,35
46,36
37,37
38,38
39,39
2,40
41,41
42,42
43,43
44,44
45,45
46,46
47,47
48,48
49,49
50,50
51,51
52,52
53,53
54,54
55,55
56,56
57,57
58,58
59,59
0,0
1,1
2,2
3,3
4,4
5,5
6,6
7,7
8,8
9,9
10,10
11,11
12,12
13,13
14,14
1,15
16,16
17,17
18,18
19,19
20,20
21,21
22,22
23,23
14,24
25,25
26,26
17,27
28,28
28,29
30,30
31,31
32,32
33,33
34,34
35,35
36,36
37,37
38,38
39,39
40,40
41,41
42,42
17,43
44,44
44,45
46,46
47,47
48,48
49,49
50,50
51,51
52,52
53,53
54,54
55,55
52,56
57,57
58,58
59,59
0,0
1,1
43,2
3,3
4,4
5,5
6,6
7,7
8,8
9,9
11,10
11,11
12,12
13,13
14,14
15,15
16,16
17,17
18,18
19,19
20,20
21,21
22,22
23,23
24,24
25,25
26,26
27,27
9,28
29,29
31,30
31,31
32,32
33,33
34,34
35,35
36,36
37,37
38,38
39,39
40,40
41,41
42,42
43,43
44,44
45,45
46,46
47,47
48,48
49,49
50,50
51,51
52,52
53,53
54,54
55,55
56,56
57,57
58,58
59,59
0,0
1,1
2,2
3,3
4,4
5,5
6,6
7,7
8,8
9,9
10,10
11,11
12,12
13,13
14,14
15,15
16,16
17,17
18,18
19,19
20,20
21,21
22,22
23,23
24,24
25,25
26,26
27,27
28,28
29,29
30,30
31,31
32,32
33,33
34,34
35,35
36,36
37,37
38,38
39,39
40,40
41,41
42,42
43,43
44,44
45,45
46,46
47,47
22,48
49,49
50,50
51,51
52,52
53,53
54,54
55,55
56,56
57,57
58,58
59,59
0,0
1,1
2,2
3,3
4,4
5,5
54,6
7,7
8,8
9,9
28,10
11,11
12,12
13,13
14,14
16,15
16,16
17,17
18,18
19,19
20,20
21,21
22,22
23,23
24,24
25,25
26,26
27,27
9,28
1,29
30,30
31,31
32,32
9,33
34,34
35,35
46,36
37,37
38,38
39,39
2,40
41,41
42,42
43,43
44,44
45,45
46,46
47,47
48,48
49,49
50,50
51,51
52,52
53,53
54,54
12,55
56,56
57,57
58,58
59,59
0,0
1,1
2,2
3,3
4,4
5,5
6,6
7,7
8,8
9,9
10,10
29,11
12,12
13,13
14,14
16,15
16,16
17,17
18,18
19,19
20,20
21,21
22,22
23,23
24,24
25,25
26,26
27,27
29,28
29,29
30,30
31,31
32,32
33,33
34,34
35,35
36,36
37,37
38,38
39,39
40,40
41,41
42,42
43,43
44,44
45,45
46,46
47,47
48,48
49,49
50,50
51,51
52,52
53,53
54,54
55,55
56,56
57,57
58,58
59,59
0,0
1,1
2,2
3,3
4,4
34,5
6,6
7,7
8,8
33,9
10,10
10,11
12,12
13,13
14,14
15,15
16,16
17,17
18,18
19,19
20,20
21,21
22,22
23,23
24,24
25,25
26,26
2,27
28,28
29,29
30,30
31,31
9,32
33,33
34,34
35,35
36,36
37,37
38,38
39,39
20,40
41,41
42,42
47,43
45,44
45,45
46,46
47,47
48,48
49,49
50,50
51,51
52,52
53,53
54,54
55,55
56,56
57,57
58,58
59,59
0,0
1,1
2,2
3,3
4,4
5,5
49,6
7,7
8,8
9,9
10,10
29,11
12,12
13,13
14,14
15,15
16,16
17,17
18,18
19,19
20,20
21,21
22,22
6,23
17,24
25,25
26,26
27,27
28,28
29,29
30,30
31,31
32,32
33,33
34,34
35,35
36,36
37,37
38,38
39,39
40,40
41,41
42,42
43,43
44,44
45,45
46,46
47,47
48,48
49,49
50,50
51,51
52,52
53,53
54,54
55,55
56,56
57,57
58,58
59,59
0,0
1,1
2,2
3,3
4,4
5,5
6,6
7,7
8,8
9,9
11,10
29,11
12,12
13,13
14,14
15,15
16,16
17,17
18,18
19,19
20,20
21,21
22,22
23,23
24,24
25,25
26,26
27,27
29,28
29,29
30,30
31,31
32,32
33,33
34,34
35,35
36,36
37,37
38,38
39,39
40,40
41,41
42,42
43,43
45,44
45,45
46,46
47,47
48,48
49,49
50,50
51,51
52,52
53,53
54,54
55,55
56,56
57,57
58,58
59,59
0,0
16,1
2,2
3,3
4,4
5,5
6,6
7,7
8,8
9,9
10,10
29,11
12,12
13,13
14,14
15,15
16,16
17,17
18,18
19,19
20,20
21,21
22,22
23,23
24,24
25,25
26,26
27,27
29,28
29,29
30,30
31,31
32,32
33,33
34,34
35,35
36,36
37,37
38,38
39,39
40,40
41,41
42,42
43,43
44,44
45,45
46,46
47,47
48,48
49,49
50,50
51,51
52,52
53,53
54,54
55,55
56,56
57,57
58,58
59,59
0,0
1,1
35,2
3,3
4,4
5,5
6,6
7,7
8,8
9,9
10,10
29,11
12,12
13,13
14,14
16,15
16,16
17,17
18,18
19,19
20,20
21,21
22,22
23,23
19,24
25,25
26,26
27,27
28,28
29,29
31,30
45,31
32,32
33,33
34,34
35,35
36,36
22,37
38,38
39,39
20,40
41,41
42,42
43,43
15,44
14,45
46,46
15,47
48,48
49,49
50,50
51,51
52,52
53,53
54,54
55,55
56,56
57,57
58,58
59,59
0,0
1,1
2,2
3,3
10,4
5,5
49,6
7,7
8,8
9,9
10,10
9,11
12,12
13,13
14,14
15,15
16,16
17,17
18,18
19,19
20,20
21,21
22,22
23,23
24,24
25,25
26,26
27,27
28,28
35,29
30,30
31,31
39,32
33,33
34,34
35,35
18,36
37,37
38,38
39,39
40,40
41,41
42,42
43,43
44,44
45,45
46,46
47,47
48,48
49,49
50,50
51,51
52,52
53,53
54,54
55,55
56,56
57,57
58,58
59,59
0,0
1,1
2,2
3,3
4,4
5,5
6,6
7,7
8,8
9,9
10,10
28,11
13,12
13,13
14,14
15,15
16,16
17,17
18,18
19,19
20,20
21,21
22,22
23,23
17,24
25,25
26,26
27,27
28,28
29,29
30,30
31,31
32,32
33,33
34,34
35,35
36,36
37,37
38,38
39,39
40,40
41,41
42,42
43,43
44,44
45,45
46,46
47,47
48,48
50,49
50,50
49,51
52,52
53,53
54,54
55,55
56,56
57,57
58,58
59,59
0,0
1,1
2,2
3,3
29,4
5,5
49,6
7,7
8,8
9,9
10,10
11,11
12,12
13,13
14,14
15,15
16,16
17,17
18,18
19,19
20,20
21,21
22,22
23,23
24,24
25,25
26,26
27,27
28,28
2,29
30,30
31,31
32,32
33,33
34,34
35,35
1,36
37,37
38,38
39,39
40,40
41,41
42,42
43,43
44,44
45,45
46,46
47,47
48,48
49,49
50,50
51,51
52,52
53,53
54,54
55,55
56,56
57,57
58,58
59,59
0,0
1,1
2,2
3,3
4,4
5,5
6,6
7,7
47,8
9,9
10,10
10,11
48,12
13,13
14,14
15,15
15,16
17,17
18,18
19,19
20,20
21,21
22,22
23,23
24,24
25,25
26,26
27,27
48,28
29,29
30,30
31,31
32,32
33,33
34,34
35,35
36,36
37,37
38,38
39,39
40,40
41,41
42,42
43,43
44,44
45,45
46,46
47,47
48,48
56,49
50,50
51,51
52,52
53,53
54,54
55,55
56,56
57,57
58,58
59,59
0,0
1,1
2,2
3,3
4,4
5,5
49,6
7,7
8,8
9,9
10,10
11,11
12,12
13,13
14,14
15,15
16,16
17,17
18,18
19,19
20,20
21,21
22,22
23,23
24,24
25,25
26,26
27,27
28,28
4,29
30,30
31,31
32,32
33,33
34,34
35,35
36,36
37,37
38,38
39,39
40,40
41,41
42,42
43,43
44,44
45,45
46,46
47,47
48,48
49,49
50,50
51,51
52,52
53,53
54,54
55,55
56,56
57,57
58,58
59,59
0,0
1,1
43,2
19,3
4,4
34,5
6,6
7,7
8,8
9,9
10,10
31,11
12,12
13,13
14,14
15,15
16,16
17,17
18,18
19,19
20,20
21,21
22,22
23,23
2,24
25,25
26,26
27,27
11,28
28,29
30,30
31,31
32,32
33,33
34,34
35,35
36,36
37,37
38,38
39,39
18,40
41,41
42,42
39,43
3,44
45,45
46,46
47,47
48,48
49,49
50,50
51,51
52,52
53,53
54,54
55,55
56,56
57,57
58,58
59,59
0,0
1,1
2,2
3,3
4,4
5,5
49,6
7,7
8,8
33,9
10,10
9,11
12,12
13,13
14,14
15,15
23,16
17,17
18,18
19,19
20,20
21,21
22,22
23,23
24,24
25,25
26,26
27,27
28,28
29,29
54,30
31,31
32,32
33,33
34,34
35,35
27,36
37,37
38,38
39,39
40,40
41,41
42,42
40,43
44,44
45,45
46,46
47,47
48,48
49,49
50,50
51,51
52,52
53,53
54,54
55,55
56,56
57,57
58,58
59,59
0,0
1,1
2,2
3,3
4,4
5,5
6,6
7,7
8,8
9,9
48,10
11,11
12,12
13,13
14,14
16,15
16,16
17,17
18,18
19,19
20,20
21,21
22,22
23,23
24,24
25,25
26,26
27,27
29,28
29,29
30,30
31,31
32,32
33,33
34,34
35,35
36,36
37,37
38,38
39,39
40,40
41,41
42,42
43,43
45,44
45,45
46,46
40,47
48,48
49,49
54,50
51,51
52,52
53,53
54,54
55,55
56,56
57,57
58,58
59,59
0,0
1,1
2,2
3,3
4,4
5,5
6,6
7,7
8,8
33,9
10,10
11,11
12,12
13,13
14,14
40,15
23,16
17,17
18,18
19,19
20,20
21,21
22,22
41,23
24,24
25,25
26,26
27,27
28,28
29,29
30,30
31,31
38,32
33,33
34,34
35,35
36,36
37,37
38,38
39,39
40,40
41,41
42,42
43,43
44,44
44,45
46,46
47,47
48,48
49,49
50,50
51,51
54,52
53,53
54,54
55,55
54,56
57,57
58,58
59,59
0,0
1,1
2,2
3,3
4,4
5,5
6,6
7,7
8,8
9,9
10,10
11,11
12,12
13,13
14,14
16,15
16,16
17,17
18,18
19,19
20,20
21,21
22,22
23,23
24,24
25,25
26,26
27,27
27,28
11,29
30,30
31,31
32,32
33,33
34,34
35,35
36,36
37,37
38,38
39,39
40,40
41,41
42,42
43,43
44,44
45,45
46,46
47,47
48,48
49,49
50,50
51,51
53,52
53,53
54,54
55,55
56,56
57,57
58,58
59,59
0,0
1,1
2,2
3,3
4,4
5,5
6,6
7,7
8,8
9,9
29,10
11,11
12,12
13,13
14,14
15,15
23,16
17,17
18,18
19,19
20,20
21,21
22,22
23,23
24,24
25,25
26,26
27,27
28,28
29,29
56,30
31,31
32,32
33,33
34,34
35,35
36,36
37,37
38,38
39,39
40,40
41,41
42,42
40,43
44,44
45,45
46,46
47,47
48,48
49,49
50,50
51,51
52,52
53,53
54,54
55,55
56,56
57,57
58,58
59,59
0,0
1,1
2,2
3,3
4,4
34,5
6,6
7,7
8,8
9,9
10,10
1,11
12,12
13,13
14,14
16,15
16,16
17,17
18,18
19,19
20,20
21,21
22,22
23,23
24,24
25,25
26,26
27,27
11,28
9,29
30,30
31,31
32,32
33,33
34,34
35,35
46,36
37,37
38,38
39,39
40,40
41,41
42,42
43,43
45,44
45,45
46,46
47,47
48,48
49,49
50,50
51,51
52,52
53,53
54,54
55,55
56,56
57,57
59,59
0,0
1,1
2,2
3,3
4,4
5,5
6,6
7,7
8,8
9,9
48,10
29,11
12,12
13,13
14,14
16,15
16,16
17,17
18,18
19,19
20,20
21,21
30,22
23,23
24,24
25,25
26,26
27,27
28,28
29,29
30,30
31,31
32,32
33,33
34,34
35,35
35,36
37,37
38,38
39,39
40,40
41,41
42,42
1,43
44,44
45,45
0,46
47,47
48,48
49,49
50,50
51,51
52,52
53,53
54,54
55,55
56,56
57,57
58,58
59,59
0,0
1,1
2,2
3,3
4,4
5,5
6,6
7,7
8,8
9,9
10,10
11,11
12,12
13,13
14,14
15,15
16,16
17,17
18,18
19,19
20,20
21,21
22,22
8,23
24,24
25,25
26,26
27,27
29,28
35,29
30,30
31,31
31,32
9,33
34,34
35,35
30,36
30,37
38,38
39,39
40,40
41,41
42,42
3,43
44,44
45,45
46,46
47,47
22,48
49,49
50,50
51,51
52,52
53,53
54,54
55,55
56,56
57,57
58,58
59,59
0,0
1,1
2,2
3,3
4,4
34,5
6,6
7,7
8,8
9,9
31,10
11,11
12,12
13,13
14,14
16,15
16,16
17,17
18,18
19,19
20,20
21,21
22,22
4,23
24,24
25,25
26,26
27,27
12,28
28,29
30,30
31,31
32,32
33,33
34,34
35,35
18,36
37,37
38,38
39,39
40,40
41,41
42,42
3,43
10,44
45,45
46,46
15,47
48,48
49,49
50,50
51,51
52,52
53,53
54,54
55,55
56,56
57,57
58,59
0,0
1,1
2,2
3,3
4,4
5,5
6,6
7,7
8,8
9,9
33,10
28,11
12,12
13,13
14,14
15,15
16,16
17,17
18,18
19,19
20,20
21,21
22,22
23,23
24,24
25,25
26,26
27,27
27,28
35,29
31,30
31,31
32,32
9,33
34,34
35,35
36,36
37,37
38,38
39,39
40,40
41,41
42,42
43,43
44,44
45,45
46,46
47,47
48,48
49,49
50,50
51,51
52,52
53,53
54,54
55,55
56,56
57,57
58,58
59,59
0,0
1,1
2,2
3,3
4,4
5,5
6,6
7,7
8,8
9,9
29,10
29,11
12,12
13,13
14,14
16,15
16,16
17,17
18,18
19,19
20,20
21,21
22,22
23,23
24,24
25,25
26,26
27,27
28,28
29,29
30,30
31,31
32,32
33,33
34,34
35,35
36,36
37,37
38,38
39,39
40,40
41,41
42,42
17,43
15,44
45,45
46,46
15,47
48,48
49,49
50,50
51,51
52,52
53,53
54,54
55,55
56,56
57,57
58,58
59,59
0,0
0,1
0,2
3,3
4,4
5,5
6,6
7,7
8,8
9,9
2,10
10,11
12,12
13,13
14,14
15,15
16,16
17,17
18,18
19,19
20,20
21,21
22,22
23,23
38,24
25,25
26,26
27,27
28,28
1,29
30,30
19,31
32,32
9,33
34,34
35,35
36,36
37,37
17,38
39,39
20,40
41,41
42,42
3,43
44,44
45,45
46,46
47,47
22,48
49,49
50,50
51,51
52,52
53,53
54,54
55,55
56,56
57,57
58,58
59,59
0,0
1,1
2,2
3,3
4,4
5,5
49,6
7,7
8,8
9,9
10,10
11,11
12,12
13,13
14,14
15,15
16,16
17,17
18,18
19,19
20,20
21,21
22,22
23,23
24,24
25,25
26,26
27,27
4,28
29,29
30,30
31,31
32,32
33,33
7,34
35,35
36,36
37,37
38,38
39,39
40,40
41,41
42,42
43,43
44,44
45,45
46,46
47,47
48,48
49,49
50,50
51,51
52,52
53,53
54,54
55,55
56,56
57,57
58,58
59,59
0,0
1,1
2,2
3,3
4,4
5,5
6,6
34,7
8,8
33,9
10,10
11,11
12,12
13,13
14,14
15,15
16,16
17,17
18,18
19,19
20,20
21,21
31,22
23,23
24,24
25,25
26,26
27,27
28,28
1,29
30,30
31,31
32,32
33,33
34,34
35,35
36,36
37,37
38,38
39,39
40,40
41,41
42,42
43,43
44,44
45,45
46,46
47,47
48,48
49,49
50,50
51,51
52,52
53,53
54,54
55,55
56,56
57,57
58,58
59,59
0,0
1,1
2,2
3,3
4,4
5,5
6,6
41,7
8,8
33,9
10,10
11,11
12,12
13,13
14,14
15,15
16,16
17,17
18,18
19,19
20,20
21,21
22,22
23,23
24,24
25,25
26,26
27,27
28,28
29,29
30,30
31,31
32,32
33,33
34,34
35,35
36,36
37,37
38,38
39,39
40,40
41,41
42,42
46,43
44,44
45,45
46,46
47,47
48,48
49,49
50,50
51,51
52,52
53,53
54,54
55,55
56,56
57,57
58,58
59,59
2,0
1,1
2,2
3,3
4,4
5,5
6,6
7,7
8,8
28,9
10,10
10,11
12,12
13,13
14,14
15,15
16,16
17,17
18,18
19,19
20,20
21,21
22,22
23,23
24,24
25,25
26,26
27,27
28,28
11,29
31,30
31,31
32,32
33,33
34,34
35,35
36,36
37,37
38,38
39,39
40,40
41,41
42,42
43,43
44,44
45,45
46,46
47,47
48,48
49,49
50,50
51,51
52,52
53,53
54,54
55,55
56,56
57,57
58,58
59,59
0,0
1,1
2,2
3,3
15,4
5,5
41,6
7,7
8,8
33,9
10,10
29,11
12,12
13,13
14,14
15,15
16,16
17,17
18,18
19,19
20,20
21,21
22,22
23,23
24,24
25,25
26,26
27,27
4,28
29,29
30,30
31,31
32,32
33,33
39,34
44,35
36,36
37,37
38,38
39,39
40,40
41,41
42,42
43,43
44,44
45,45
46,46
47,47
48,48
54,49
50,50
51,51
52,52
53,53
54,54
55,55
56,56
57,57
58,58
59,59
0,0
1,1
2,2
3,3
4,4
5,5
6,6
7,7
8,8
9,9
10,10
10,11
12,12
13,13
14,14
15,15
23,16
17,17
18,18
19,19
20,20
21,21
22,22
23,23
24,24
25,25
26,26
27,27
28,28
11,29
30,30
31,31
37,32
33,33
34,34
35,35
36,36
37,37
38,38
39,39
40,40
41,41
42,42
43,43
44,44
45,45
46,46
47,47
48,48
49,49
50,50
51,51
52,52
53,53
54,54
55,55
56,56
57,57
58,58
59,59
0,0
1,1
2,2
3,3
4,4
5,5
6,6
7,7
8,8
9,9
10,10
29,11
12,12
13,13
14,14
15,15
23,16
17,17
18,18
19,19
20,20
21,21
22,22
23,23
24,24
25,25
26,26
27,27
28,28
29,29
30,30
31,31
32,32
33,33
34,34
35,35
36,36
37,37
38,38
39,39
40,40
41,41
42,42
43,43
44,44
45,45
46,46
47,47
48,48
49,49
50,50
51,51
52,52
53,53
54,54
55,55
56,56
57,57
58,58
59,59
0,0
1,1
2,2
3,3
27,4
5,5
6,6
7,7
8,8
9,9
10,10
11,11
12,12
13,13
14,14
41,15
16,16
17,17
18,18
19,19
20,20
21,21
22,22
23,23
24,24
25,25
26,26
27,27
29,28
29,29
30,30
31,31
32,32
33,33
34,34
35,35
36,36
37,37
38,38
39,39
40,40
41,41
42,42
43,43
44,44
45,45
46,46
47,47
48,48
49,49
50,50
51,51
52,52
53,53
54,54
55,55
56,56
57,57
58,58
59,59
0,0
1,1
2,2
3,3
4,4
5,5
6,6
7,7
8,8
9,9
10,10
11,11
13,13
14,14
15,15
16,16
17,17
18,18
19,19
20,20
21,21
22,22
23,23
24,24
25,25
26,26
27,27
10,28
10,29
30,30
31,31
32,32
9,33
34,34
35,35
36,36
37,37
38,38
39,39
20,40
41,41
42,42
3,43
44,44
45,45
46,46
47,47
48,48
49,49
50,50
51,51
52,52
53,53
54,54
15,55
56,56
57,57
58,58
59,59
0,0
1,1
2,2
3,3
27,4
5,5
6,6
7,7
8,8
9,9
10,10
11,11
12,12
13,13
14,14
23,15
23,16
17,17
18,18
19,19
20,20
21,21
22,22
23,23
24,24
25,25
26,26
27,27
4,28
29,29
30,30
31,31
32,32
33,33
34,34
35,35
36,36
37,37
38,38
39,39
17,40
41,41
42,42
43,43
44,44
45,45
46,46
47,47
48,48
49,49
50,50
51,51
52,52
53,53
54,54
55,55
56,56
57,57
58,58
59,59
0,0
1,1
2,2
3,3
4,4
5,5
6,6
7,7
8,8
9,9
10,10
29,11
12,12
13,13
14,14
15,15
16,16
17,17
18,18
19,19
20,20
21,21
22,22
23,23
24,24
25,25
26,26
27,27
28,28
29,29
30,30
31,31
32,32
33,33
34,34
35,35
36,36
37,37
38,38
39,39
40,40
41,41
42,42
43,43
44,44
45,45
46,46
47,47
48,48
49,49
50,50
51,51
52,52
53,53
54,54
55,55
56,56
57,57
58,58
59,59
0,0
1,1
0,2
3,3
4,4
5,5
6,6
7,7
8,8
9,9
10,10
11,11
13,13
14,14
41,15
16,16
17,17
18,18
19,19
20,20
21,21
22,22
23,23
24,24
25,25
26,26
1,27
1,28
10,29
30,30
31,31
32,32
33,33
34,34
35,35
2,36
31,37
38,38
39,39
17,40
41,41
42,42
0,43
44,44
45,45
46,46
47,47
48,48
49,49
50,50
51,51
52,52
53,53
54,54
55,55
56,56
57,57
58,58
59,59
0,0
1,1
2,2
3,3
4,4
5,5
6,6
7,7
8,8
9,9
29,10
29,11
12,12
13,13
14,14
15,15
16,16
17,17
18,18
19,19
20,20
21,21
22,22
23,23
27,24
23,25
26,26
27,27
28,28
29,29
30,30
31,31
32,32
33,33
34,34
35,35
36,36
37,37
38,38
39,39
40,40
41,41
42,42
43,43
44,44
45,45
46,46
40,47
48,48
49,49
50,50
51,51
52,52
53,53
54,54
55,55
56,56
57,57
58,58
59,59
0,0
1,1
2,2
3,3
4,4
5,5
6,6
7,7
8,8
9,9
10,10
10,11
12,12
13,13
14,14
15,15
16,16
17,17
18,18
19,19
20,20
21,21
22,22
23,23
24,24
25,25
26,26
27,27
28,28
4,29
30,30
31,31
32,32
33,33
34,34
35,35
36,36
37,37
38,38
39,39
40,40
41,41
42,42
43,43
44,44
45,45
46,46
47,47
48,48
49,49
50,50
51,51
52,52
53,53
54,54
55,55
56,56
57,57
58,58
59,59
0,0
18,1
2,2
3,3
4,4
5,5
6,6
7,7
8,8
9,9
29,10
29,11
12,12
13,13
14,14
15,15
16,16
17,17
18,18
19,19
20,20
21,21
22,22
23,23
27,24
23,25
26,26
27,27
10,28
29,29
30,30
31,31
32,32
33,33
34,34
35,35
36,36
37,37
38,38
31,39
40,40
41,41
42,42
18,43
8,44
45,45
46,46
15,47
22,48
49,49
50,50
51,51
52,52
53,53
54,54
55,55
56,56
57,57
58,58
59,59
0,0
1,1
2,2
3,3
4,4
5,5
6,6
7,7
8,8
9,9
28,10
11,11
12,12
13,13
14,14
15,15
15,16
17,17
18,18
19,19
20,20
21,21
22,22
23,23
24,24
25,25
26,26
27,27
28,28
29,29
30,30
31,31
32,32
33,33
34,34
35,35
36,36
37,37
38,38
39,39
40,40
41,41
42,42
43,43
44,44
45,45
46,46
47,47
48,48
49,49
50,50
51,51
52,52
53,53
54,54
55,55
56,56
57,57
58,58
59,59
0,0
1,1
2,2
3,3
4,4
5,5
6,6
7,7
8,8
29,9
29,10
11,11
12,12
13,13
14,14
16,15
16,16
17,17
18,18
19,19
20,20
21,21
22,22
23,23
24,24
23,25
26,26
27,27
28,28
29,29
30,30
31,31
32,32
33,33
34,34
35,35
1,36
37,37
38,38
39,39
40,40
41,41
42,42
43,43
44,44
45,45
46,46
40,47
48,48
49,49
50,50
51,51
52,52
53,53
54,54
55,55
56,56
57,57
58,58
59,59
0,0
1,1
2,2
3,3
4,4
5,5
6,6
7,7
8,8
10,10
29,11
12,12
13,13
14,14
15,15
16,16
17,17
18,18
19,19
20,20
21,21
22,22
23,23
24,24
25,25
26,26
27,27
28,28
28,29
30,30
31,31
32,32
33,33
34,34
35,35
36,36
37,37
38,38
39,39
40,40
41,41
42,42
43,43
44,44
45,45
46,46
34,47
48,48
49,49
50,50
51,51
52,52
53,53
54,54
55,55
52,56
57,57
58,58
59,59
0,0
1,1
2,2
3,3
4,4
5,5
6,6
7,7
8,8
9,9
10,10
11,11
12,12
13,13
14,14
15,15
15,16
17,17
18,18
19,19
20,20
21,21
22,22
23,23
24,24
25,25
26,26
27,27
28,28
29,29
31,30
31,31
32,32
33,33
34,34
35,35
36,36
37,37
38,38
39,39
40,40
41,41
42,42
2,43
45,44
45,45
46,46
47,47
22,48
49,49
50,50
51,51
52,52
53,53
54,54
55,55
56,56
57,57
58,58
59,59
0,0
27,1
2,2
3,3
4,4
5,5
6,6
7,7
8,8
9,9
11,10
29,11
12,12
13,13
14,14
15,15
16,16
17,17
18,18
19,19
20,20
21,21
22,22
23,23
24,24
25,25
26,26
27,27
28,28
29,29
30,30
31,31
32,32
33,33
34,34
35,35
36,36
37,37
11,38
39,39
40,40
41,41
42,42
43,43
44,44
45,45
46,46
47,47
48,48
49,49
50,50
49,51
52,52
53,53
54,54
55,55
56,56
57,57
58,58
59,59
1,0
1,1
0,2
3,3
4,4
5,5
6,6
7,7
8,8
9,9
10,10
10,11
12,12
13,13
14,14
1,17
18,18
19,19
20,20
21,21
22,22
23,23
24,24
25,25
26,26
27,27
28,28
11,29
30,30
31,31
17,32
33,33
34,34
35,35
36,36
37,37
38,38
39,39
36,40
59,41
42,42
31,43
16,44
2,45
46,46
51,49
6,50
51,51
52,52
35,53
54,54
55,55
56,56
57,57
58,58
59,59
0,0
2,1
2,2
3,3
4,4
5,5
6,6
7,7
8,8
9,9
11,10
11,11
12,12
13,13
14,14
15,15
15,16
17,17
18,18
19,19
20,20
21,21
22,22
23,23
24,24
25,25
26,26
27,27
28,28
29,29
30,30
31,31
32,32
33,33
34,34
35,35
36,36
37,37
38,38
39,39
40,40
41,41
42,42
43,43
44,44
45,45
46,46
47,47
48,48
49,49
50,50
49,51
53,52
53,53
54,54
55,55
56,56
57,57
58,58
59,59
0,0
1,1
2,2
3,3
4,4
5,5
6,6
7,7
8,8
9,9
10,10
29,11
12,12
13,13
14,14
15,15
16,16
17,17
18,18
19,19
20,20
21,21
22,22
23,23
24,24
25,25
26,26
27,27
28,28
29,29
30,30
31,31
32,32
33,33
34,34
35,35
36,36
37,37
38,38
39,39
40,40
41,41
42,42
2,43
44,44
45,45
46,46
16,47
48,48
49,49
50,50
51,51
52,52
53,53
54,54
55,55
56,56
57,57
58,58
59,59
0,0
27,1
2,2
2,3
4,4
5,5
6,6
7,7
8,8
9,9
11,10
11,11
12,12
13,13
14,14
16,15
16,16
17,17
18,18
19,19
20,20
21,21
22,22
23,23
24,24
25,25
26,26
27,27
28,28
2,29
30,30
31,31
1,32
1,33
34,34
35,35
36,36
37,37
38,38
39,39
40,40
41,41
42,42
24,43
45,44
2,45
35,46
47,47
35,48
49,49
50,50
51,51
52,52
53,53
54,54
55,55
56,56
56,57
58,58
59,59
17,0
2,1
3,2
33,3
10,4
5,5
6,6
7,7
8,8
9,9
10,10
10,11
12,12
13,13
14,14
15,15
16,16
17,17
18,18
19,19
20,20
22,21
22,22
23,23
24,24
25,25
26,26
48,27
11,28
1,29
21,30
31,31
10,32
33,33
34,34
35,35
36,36
37,37
38,38
39,39
40,40
41,41
42,42
43,43
44,44
45,45
46,46
47,47
48,48
54,49
50,50
51,51
52,52
55,53
54,54
55,55
54,56
57,57
58,58
59,59
0,0
12,1
2,2
3,3
28,4
7,5
13,6
7,7
8,8
39,9
28,10
11,11
0,12
13,13
14,14
15,15
16,16
17,17
18,18
19,19
20,20
21,21
22,22
23,23
24,24
25,25
26,26
27,27
28,28
29,29
30,30
31,31
32,32
33,33
34,34
35,35
36,36
37,37
38,38
39,39
40,40
41,41
42,42
43,43
44,44
45,45
46,46
47,47
48,48
49,49
50,50
49,51
52,52
49,53
54,54
55,55
56,56
57,57
58,58
59,59
48,0
29,1
17,2
48,3
4,4
5,5
6,6
7,7
8,8
11,9
10,10
29,11
12,12
13,13
14,14
15,15
16,16
17,17
18,18
19,19
20,20
21,21
48,22
23,23
24,24
25,25
26,26
27,27
28,28
29,29
33,30
31,31
32,32
48,33
34,34
35,35
36,36
37,37
38,38
32,39
3,40
41,41
42,42
36,43
44,44
45,45
46,46
47,47
48,48
49,49
50,50
51,51
52,52
55,53
54,54
55,55
56,56
57,57
58,58
59,59
0,0
1,1
2,2
3,3
4,4
5,5
6,6
7,7
8,8
32,9
10,10
11,11
12,12
13,13
14,14
15,15
16,16
17,17
18,18
19,19
20,20
21,21
22,22
23,23
24,24
25,25
26,26
27,27
28,28
30,30
31,31
32,32
33,33
34,34
45,35
36,36
37,37
38,38
39,39
40,40
41,41
42,42
43,43
44,44
45,45
46,46
47,47
48,48
49,49
50,50
51,51
52,52
49,53
54,54
55,55
56,56
57,57
58,58
59,59
46,0
43,1
43,2
9,3
10,4
5,5
6,6
7,7
8,8
33,9
11,10
11,11
12,12
13,13
14,14
16,15
16,16
17,17
18,18
19,19
20,20
22,21
22,22
23,23
4,24
25,25
26,26
27,27
11,28
28,29
30,30
31,31
32,32
9,33
34,34
35,35
36,36
37,37
38,38
39,39
40,40
41,41
42,42
43,43
44,44
45,45
46,46
47,47
48,48
49,49
50,50
54,51
52,52
49,53
54,54
55,55
56,56
57,57
58,58
59,59
0,0
1,1
46,2
48,3
14,4
5,5
7,7
8,8
9,9
28,11
12,12
13,13
14,14
16,15
16,16
17,17
18,18
19,19
20,20
21,21
22,22
23,23
24,24
25,25
26,26
27,27
28,28
29,29
30,30
30,31
32,32
33,33
34,34
35,35
36,36
37,37
38,38
39,39
40,40
41,41
42,42
43,43
44,44
45,45
46,46
47,47
48,48
49,49
49,50
49,51
52,52
49,53
54,54
55,55
56,56
57,57
58,58
59,59
0,0
1,1
2,2
3,3
4,4
5,5
6,6
7,7
8,8
9,9
10,10
11,11
12,12
13,13
14,14
16,15
16,16
17,17
18,18
19,19
20,20
21,21
22,22
23,23
24,24
25,25
26,26
27,27
28,28
29,29
30,30
31,31
32,32
17,33
34,34
35,35
36,36
37,37
38,38
39,39
40,40
41,41
42,42
43,43
44,44
45,45
3,46
47,47
48,48
49,49
50,50
51,51
52,52
53,53
54,54
55,55
56,56
57,57
58,58
59,59
0,0
0,1
2,2
3,3
4,4
5,5
6,6
7,7
8,8
43,9
10,10
11,11
12,12
13,13
14,14
16,15
16,16
17,17
18,18
19,19
20,20
21,21
22,22
23,23
24,24
25,25
26,26
27,27
28,28
29,29
30,30
31,31
32,32
36,33
34,34
35,35
36,36
37,37
38,38
39,39
40,40
41,41
42,42
43,43
47,44
44,45
46,46
47,47
48,48
53,49
50,50
51,51
51,52
53,53
54,54
55,55
56,56
57,57
58,58
59,59
0,0
1,1
2,2
3,3
4,4
5,5
6,6
7,7
8,8
11,9
10,10
29,11
12,12
13,13
14,14
16,15
16,16
17,17
18,18
19,19
20,20
21,21
22,22
23,23
24,24
25,25
26,26
27,27
28,28
29,29
30,30
31,31
32,32
9,33
34,34
35,35
36,36
37,37
38,38
39,39
40,40
41,41
42,42
43,43
15,44
45,45
46,46
47,47
17,48
49,49
50,50
51,51
55,52
53,53
54,54
55,55
56,56
57,57
58,58
59,59
0,0
0,1
2,2
3,3
4,4
5,5
6,6
7,7
8,8
43,9
10,10
11,11
12,12
13,13
14,14
16,15
16,16
17,17
18,18
19,19
20,20
21,21
22,22
23,23
24,24
25,25
26,26
27,27
28,28
29,29
30,30
31,31
32,32
33,33
34,34
35,35
36,36
37,37
38,38
39,39
40,40
41,41
42,42
43,43
44,44
45,45
46,46
47,47
48,48
49,49
50,50
51,51
52,52
53,53
54,54
55,55
56,56
57,57
58,58
59,59
0,0
1,1
2,2
3,3
4,4
5,5
6,6
7,7
8,8
11,9
10,10
11,11
12,12
13,13
14,14
16,15
16,16
17,17
18,18
19,19
20,20
21,21
22,22
23,23
24,24
25,25
26,26
27,27
11,28
29,29
30,30
31,31
32,32
33,33
34,34
35,35
36,36
37,37
38,38
39,39
40,40
41,41
42,42
43,43
44,44
45,45
46,46
47,47
48,48
49,49
50,50
51,51
52,52
53,53
54,54
55,55
56,56
57,57
58,58
59,59
0,0
0,1
2,2
36,3
4,4
5,5
6,6
7,7
8,8
38,9
10,10
11,11
12,12
13,13
14,14
16,15
16,16
17,17
18,18
19,19
20,20
21,21
22,22
23,23
24,24
25,25
26,26
27,27
28,28
29,29
30,30
31,31
32,32
33,33
34,34
35,35
36,36
37,37
38,38
39,39
40,40
41,41
42,42
46,43
47,44
45,45
43,46
47,47
48,48
53,49
50,50
51,51
56,52
48,53
54,54
55,55
56,56
57,57
58,58
59,59
0,0
1,1
2,2
3,3
4,4
5,5
6,6
7,7
8,8
11,9
10,10
11,11
12,12
13,13
14,14
15,15
16,16
17,17
18,18
19,19
20,20
21,21
22,22
23,23
24,24
25,25
26,26
27,27
28,28
29,29
30,30
31,31
32,32
33,33
34,34
35,35
36,36
37,37
38,38
39,39
40,40
41,41
42,42
43,43
44,44
45,45
46,46
47,47
48,48
49,49
50,50
51,51
52,52
53,53
54,54
55,55
56,56
57,57
58,58
59,59
43,0
1,1
2,2
3,3
34,4
5,5
6,6
7,7
8,8
9,9
10,10
11,11
12,12
13,13
14,14
16,15
16,16
17,17
18,18
19,19
20,20
21,21
22,22
23,23
24,24
25,25
26,26
27,27
28,28
29,29
30,30
31,31
33,32
38,33
34,34
35,35
36,36
37,37
38,38
39,39
40,40
41,41
42,42
43,43
44,44
45,45
3,46
47,47
48,48
49,49
50,50
51,51
52,52
53,53
54,54
55,55
56,56
57,57
58,58
59,59
2,0
1,1
4,4
5,5
21,6
7,7
8,8
11,9
10,10
12,12
13,13
14,14
15,15
16,16
29,17
35,18
21,21
22,22
23,23
24,24
25,25
26,26
27,27
28,28
29,29
30,30
10,31
39,32
39,33
34,34
43,36
37,37
38,38
39,39
40,40
41,41
42,42
43,43
44,44
45,45
46,46
47,47
48,48
49,49
50,50
51,51
52,52
53,53
54,54
55,55
56,56
57,57
58,58
59,59
43,0
1,1
2,2
3,3
4,4
5,5
6,6
7,7
8,8
38,9
10,10
11,11
12,12
13,13
14,14
16,15
16,16
17,17
18,18
19,19
20,20
21,21
22,22
23,23
24,24
25,25
26,26
27,27
28,28
29,29
30,30
31,31
39,32
38,33
34,34
35,35
36,36
37,37
38,38
39,39
40,40
41,41
41,42
43,43
44,44
45,45
46,46
47,47
48,48
49,49
50,50
51,51
52,52
53,53
54,54
57,55
56,56
57,57
58,58
59,59
0,0
1,1
2,2
3,3
4,4
5,5
6,6
7,7
8,8
9,9
10,10
11,11
12,12
13,13
14,14
15,15
16,16
17,17
18,18
19,19
20,20
21,21
22,22
23,23
24,24
25,25
26,26
1,27
28,28
29,29
30,30
31,31
39,32
38,33
34,34
35,35
36,36
37,37
38,38
39,39
40,40
41,41
42,42
43,43
44,44
45,45
46,46
47,47
48,48
49,49
50,50
51,51
52,52
53,53
54,54
55,55
56,56
55,57
58,58
59,59
24,0
27,1
2,2
3,3
4,4
5,5
37,6
7,7
8,8
38,9
11,10
10,11
32,12
13,13
14,14
16,15
16,16
17,17
18,18
19,19
20,20
21,21
2,22
23,23
24,24
25,25
26,26
27,27
28,28
28,29
30,30
31,31
32,32
38,33
34,34
35,35
43,36
37,37
38,38
39,39
24,40
41,41
42,42
43,43
44,44
45,45
37,46
47,47
2,48
49,49
50,50
51,51
52,52
53,53
54,54
57,55
56,56
57,57
58,58
59,59
0,0
1,1
2,2
3,3
4,4
5,5
30,6
7,7
8,8
9,9
10,10
11,11
12,12
13,13
14,14
5,15
5,16
17,17
18,18
19,19
20,20
21,21
22,22
23,23
24,24
25,25
26,26
27,27
28,28
29,29
30,30
10,31
39,32
33,33
34,34
35,35
36,36
37,37
38,38
39,39
40,40
41,41
42,42
43,43
44,44
45,45
46,46
47,47
48,48
49,49
50,50
51,51
52,52
53,53
54,54
57,55
56,56
57,57
58,58
59,59
17,0
1,1
43,2
3,3
4,4
5,5
6,6
7,7
8,8
9,9
12,10
11,11
12,12
13,13
14,14
16,15
15,16
17,17
18,18
19,19
20,20
21,21
22,22
23,23
24,24
25,25
26,26
27,27
28,28
29,29
30,30
31,31
32,32
33,33
34,34
45,35
36,36
37,37
38,38
39,39
40,40
41,41
42,42
43,43
44,44
34,45
46,46
47,47
48,48
49,49
50,50
51,51
52,52
53,53
54,54
55,55
56,56
57,57
58,58
59,59
0,0
1,1
2,2
2,3
4,4
5,5
30,6
7,7
8,8
38,9
10,10
11,11
12,12
13,13
14,14
15,15
15,16
17,17
18,18
19,19
20,20
21,21
37,22
23,23
24,24
25,25
26,26
27,27
28,28
29,29
30,30
31,31
39,32
33,33
34,34
35,35
36,36
37,37
38,38
38,39
47,40
41,41
42,42
43,43
44,44
45,45
46,46
47,47
48,48
49,49
50,50
51,51
52,52
53,53
54,54
55,55
56,56
57,57
58,58
59,59
0,0
40,1
2,2
3,3
4,4
5,5
6,6
7,7
8,8
9,9
10,10
11,11
12,12
13,13
14,14
16,15
15,16
17,17
18,18
19,19
20,20
21,21
22,22
23,23
24,24
25,25
26,26
1,27
28,28
29,29
30,30
31,31
32,32
33,33
34,34
35,35
36,36
37,37
38,38
39,39
40,40
34,41
42,42
43,43
44,44
45,45
46,46
47,47
48,48
49,49
50,50
51,51
52,52
53,53
54,54
55,55
56,56
57,57
58,58
59,59
0,0
1,1
2,2
3,3
4,4
5,5
6,6
7,7
8,8
9,9
10,10
11,11
12,12
13,13
14,14
16,15
16,16
17,17
18,18
19,19
20,20
21,21
22,22
23,23
24,24
25,25
26,26
27,27
29,28
29,29
30,30
28,31
32,32
33,33
34,34
35,35
36,36
37,37
38,38
38,39
47,40
41,41
42,42
43,43
44,44
45,45
43,46
47,47
48,48
49,49
50,50
51,51
52,52
53,53
54,54
57,55
56,56
57,57
59,59
1,0
1,1
2,2
43,3
4,4
5,5
6,6
7,7
8,8
9,9
10,10
11,11
12,12
13,13
14,14
16,15
15,16
17,17
18,18
19,19
20,20
21,21
30,22
23,23
2,24
25,25
26,26
27,27
28,28
28,29
30,30
31,31
38,32
38,33
34,34
35,35
40,36
37,37
38,38
38,39
40,40
41,41
42,42
43,43
44,44
45,45
4,46
47,47
48,48
49,49
50,50
50,51
52,52
53,53
54,54
55,55
56,56
57,57
58,58
59,59
2,0
1,1
2,2
3,3
4,4
5,5
6,6
7,7
8,8
9,9
10,10
28,11
12,12
13,13
14,14
16,15
16,16
17,17
18,18
19,19
20,20
21,21
22,22
23,23
24,24
25,25
26,26
27,27
28,28
29,29
30,30
31,31
32,32
33,33
34,34
35,35
36,36
37,37
38,38
39,39
40,40
41,41
42,42
43,43
44,44
45,45
46,46
47,47
48,48
49,49
50,50
51,51
52,52
53,53
54,54
55,55
56,56
57,57
58,58
59,59
0,0
1,1
43,2
3,3
4,4
5,5
6,6
7,7
8,8
9,9
11,10
43,11
12,12
13,13
14,14
15,15
16,16
19,17
20,18
19,19
20,20
21,21
22,22
23,23
24,24
25,25
26,26
27,27
28,28
29,29
30,30
31,31
32,32
33,33
34,34
35,35
36,36
37,37
38,38
39,39
40,40
41,41
42,42
43,43
44,44
45,45
46,46
47,47
48,48
49,49
50,50
51,51
52,52
53,53
54,54
55,55
52,56
57,57
58,58
59,59
0,0
36,1
2,2
3,3
28,4
5,5
6,6
7,7
8,8
9,9
11,10
29,11
12,12
13,13
14,14
16,15
16,16
17,17
18,18
19,19
20,20
21,21
22,22
23,23
24,24
25,25
26,26
27,27
28,28
29,29
30,30
31,31
39,32
33,33
34,34
35,35
36,36
37,37
38,38
39,39
40,40
41,41
42,42
43,43
44,44
45,45
46,46
47,47
48,48
49,49
50,50
51,51
52,52
53,53
54,54
55,55
56,56
55,57
58,58
59,59
0,0
1,1
47,2
3,3
4,4
5,5
6,6
7,7
8,8
9,9
29,10
11,11
12,12
13,13
14,14
15,15
16,16
19,17
20,18
19,19
20,20
21,21
22,22
23,23
24,24
25,25
26,26
27,27
28,28
29,29
30,30
31,31
32,32
33,33
34,34
35,35
36,36
37,37
38,38
39,39
40,40
41,41
42,42
43,43
44,44
45,45
3,46
47,47
48,48
49,49
50,50
51,51
52,52
53,53
54,54
55,55
56,56
57,57
58,58
59,59
2,0
2,1
2,2
3,3
4,4
5,5
6,6
7,7
8,8
9,9
28,10
11,11
12,12
13,13
14,14
15,15
16,16
17,17
18,18
19,19
20,20
21,21
22,22
23,23
24,24
25,25
26,26
27,27
28,28
29,29
4,30
31,31
32,32
33,33
34,34
35,35
36,36
37,37
38,38
39,39
40,40
41,41
42,42
43,43
44,44
45,45
46,46
47,47
48,48
49,49
50,50
51,51
52,52
53,53
54,54
55,55
56,56
55,57
58,58
59,59
3,0
1,1
40,2
3,3
4,4
5,5
6,6
7,7
8,8
28,9
29,10
16,11
12,12
13,13
14,14
15,15
15,16
32,17
46,18
19,19
20,20
21,21
22,22
23,23
24,24
25,25
26,26
27,27
28,28
29,29
30,30
31,31
32,32
33,33
34,34
35,35
36,36
37,37
38,38
39,39
40,40
41,41
42,42
43,43
24,44
45,45
46,46
47,47
48,48
49,49
50,50
51,51
52,52
53,53
54,54
55,55
57,57
58,58
58,59
0,0
1,1
2,2
3,3
10,4
5,5
6,6
7,7
8,8
9,9
28,10
10,11
12,12
13,13
14,14
15,15
15,16
17,17
18,18
19,19
20,20
21,21
22,22
23,23
24,24
25,25
26,26
27,27
29,28
28,29
30,30
31,31
32,32
33,33
34,34
35,35
36,36
37,37
38,38
39,39
40,40
41,41
42,42
43,43
44,44
45,45
46,46
47,47
48,48
49,49
50,50
51,51
52,52
53,53
54,54
55,55
56,56
57,57
58,58
59,59
43,0
1,1
2,2
43,3
4,4
5,5
6,6
7,7
8,8
9,9
10,10
28,11
12,12
13,13
14,14
15,15
16,16
17,17
18,18
19,19
20,20
21,21
22,22
23,23
4,24
25,25
26,26
27,27
28,28
29,29
30,30
31,31
32,32
33,33
34,34
35,35
36,36
37,37
38,38
39,39
40,40
41,41
42,42
43,43
44,44
45,45
46,46
47,47
48,48
49,49
50,50
51,51
52,52
53,53
54,54
55,55
56,56
57,57
58,58
59,59
0,0
1,1
2,2
3,3
4,4
5,5
6,6
7,7
8,8
9,9
28,10
28,11
12,12
13,13
14,14
15,15
15,16
17,17
18,18
19,19
20,20
21,21
22,22
23,23
24,24
25,25
26,26
46,27
11,28
29,29
10,30
31,31
32,32
33,33
34,34
35,35
36,36
37,37
38,38
39,39
40,40
41,41
42,42
43,43
44,44
45,45
46,46
47,47
48,48
49,49
50,50
51,51
52,52
53,53
54,54
55,55
56,56
57,57
58,58
59,59
0,0
1,1
43,2
43,3
4,4
5,5
6,6
7,7
8,8
9,9
10,10
28,11
12,12
13,13
14,14
16,15
15,16
17,17
18,18
19,19
20,20
21,21
22,22
23,23
24,24
25,25
26,26
27,27
28,28
29,29
30,30
31,31
32,32
33,33
34,34
35,35
36,36
37,37
38,38
39,39
40,40
41,41
42,42
43,43
44,44
45,45
46,46
47,47
48,48
49,49
50,50
51,51
52,52
53,53
54,54
55,55
56,56
57,57
58,58
59,59
0,0
1,1
2,2
3,3
4,4
5,5
6,6
7,7
8,8
9,9
10,10
28,11
12,12
13,13
14,14
15,15
15,16
17,17
18,18
19,19
20,20
21,21
22,22
23,23
24,24
25,25
26,26
27,27
28,28
29,29
30,30
31,31
32,32
33,33
34,34
35,35
36,36
37,37
38,38
39,39
40,40
41,41
42,42
43,43
44,44
45,45
46,46
47,47
48,48
49,49
50,50
51,51
52,52
53,53
54,54
55,55
56,56
57,57
58,58
59,59
0,0
1,1
2,2
43,3
4,4
5,5
6,6
7,7
8,8
9,9
10,10
28,11
12,12
13,13
14,14
16,15
16,16
17,17
18,18
19,19
20,20
21,21
22,22
23,23
4,24
25,25
26,26
27,27
28,28
29,29
28,30
31,31
32,32
33,33
34,34
35,35
36,36
45,37
38,38
39,39
40,40
41,41
42,42
3,43
44,44
44,45
46,46
44,47
48,48
54,49
54,50
51,51
52,52
53,53
54,54
55,55
56,56
57,57
58,58
59,59
0,0
1,1
2,2
2,3
4,4
34,5
6,6
7,7
8,8
9,9
10,10
1,11
12,12
13,13
14,14
15,15
16,16
17,17
18,18
19,19
20,20
48,21
22,22
23,23
24,24
25,25
26,26
27,27
28,28
29,29
6,30
31,31
32,32
33,33
34,34
35,35
36,36
37,37
38,38
39,39
47,40
41,41
42,42
43,43
44,44
45,45
46,46
34,47
48,48
49,49
50,50
51,51
52,52
53,53
54,54
55,55
56,56
57,57
58,58
58,59
2,0
1,1
43,2
3,3
1,4
5,5
6,6
7,7
8,8
9,9
11,10
11,11
12,12
13,13
14,14
15,15
15,16
17,17
18,18
19,19
20,20
43,21
22,22
23,23
24,24
25,25
26,26
27,27
28,28
11,29
30,30
31,31
32,32
33,33
34,34
35,35
36,36
37,37
38,38
39,39
47,40
41,41
42,42
43,43
44,44
45,45
46,46
47,47
48,48
49,49
50,50
51,51
52,52
53,53
54,54
55,55
56,56
57,57
58,58
59,59
0,0
17,1
30,2
2,3
4,4
5,5
30,6
7,7
8,8
9,9
10,10
29,11
12,12
13,13
14,14
15,15
16,16
17,17
18,18
19,19
20,20
48,21
22,22
23,23
24,24
25,25
26,26
27,27
28,28
29,29
6,30
31,31
32,32
33,33
34,34
35,35
36,36
37,37
38,38
39,39
47,40
41,41
42,42
43,43
44,44
45,45
46,46
47,47
48,48
49,49
50,50
51,51
52,52
53,53
54,54
55,55
56,56
57,57
58,58
59,59
0,0
1,1
43,2
3,3
44,4
47,5
6,6
7,7
8,8
9,9
35,10
11,11
12,12
13,13
14,14
15,15
16,16
17,17
18,18
19,19
20,20
21,21
22,22
23,23
24,24
25,25
26,26
27,27
28,28
29,29
6,30
31,31
38,32
33,33
34,34
35,35
36,36
37,37
38,38
39,39
47,40
41,41
42,42
43,43
44,44
45,45
46,46
47,47
48,48
49,49
50,50
51,51
52,52
53,53
54,54
55,55
56,56
57,57
58,58
59,59
0,0
1,1
2,2
2,3
4,4
5,5
6,6
7,7
8,8
9,9
15,10
11,11
12,12
13,13
14,14
15,15
15,16
17,17
18,18
19,19
20,20
48,21
22,22
23,23
24,24
25,25
26,26
27,27
29,28
29,29
30,30
31,31
32,32
33,33
34,34
35,35
36,36
37,37
38,38
39,39
47,40
41,41
42,42
43,43
44,44
45,45
46,46
34,47
48,48
49,49
50,50
51,51
52,52
53,53
54,54
55,55
56,56
57,57
58,58
59,59
43,0
1,1
43,2
3,3
24,4
34,5
13,6
7,7
8,8
9,9
11,10
11,11
12,12
13,13
14,14
15,15
16,16
24,17
18,18
19,19
20,20
21,21
22,22
23,23
24,24
25,25
26,26
27,27
28,28
2,29
30,30
31,31
32,32
33,33
34,34
35,35
36,36
37,37
38,38
39,39
40,40
41,41
42,42
43,43
40,44
45,45
40,46
47,47
48,48
49,49
50,50
51,51
53,52
53,53
54,54
55,55
56,56
57,57
58,58
59,59
0,0
1,1
2,2
3,3
4,4
5,5
6,6
7,7
8,8
38,9
10,10
11,11
12,12
13,13
14,14
15,15
16,16
17,17
18,18
19,19
20,20
21,21
22,22
23,23
24,24
25,25
26,26
27,27
28,28
29,29
43,30
31,31
32,32
33,33
34,34
35,35
36,36
37,37
38,38
39,39
40,40
41,41
42,42
43,43
44,44
45,45
46,46
47,47
2,48
49,49
50,50
51,51
52,52
53,53
54,54
55,55
56,56
57,57
58,58
59,59
0,0
1,1
2,2
3,3
4,4
5,5
6,6
7,7
8,8
33,9
10,10
11,11
12,12
13,13
14,14
15,15
15,16
17,17
36,18
19,19
20,20
21,21
22,22
23,23
1,24
25,25
26,26
27,27
28,28
46,29
30,30
31,31
32,32
33,33
34,34
35,35
36,36
37,37
38,38
39,39
40,40
41,41
42,42
43,43
44,44
45,45
46,46
47,47
48,48
51,49
50,50
51,51
52,52
53,53
54,54
55,55
56,56
57,57
58,58
59,59
0,0
1,1
2,2
3,3
4,4
5,5
6,6
7,7
8,8
38,9
29,10
12,12
13,13
14,14
15,15
15,16
17,17
18,18
19,19
3,20
21,21
22,22
23,23
24,24
25,25
26,26
27,27
28,28
29,29
43,30
31,31
32,32
29,33
34,34
35,35
36,36
37,37
38,38
39,39
40,40
41,41
42,42
43,43
44,44
45,45
46,46
47,47
48,48
49,49
50,50
51,51
52,52
53,53
54,54
55,55
56,56
57,57
58,58
59,59
0,0
1,1
2,2
3,3
4,4
5,5
6,6
7,7
8,8
38,9
10,10
11,11
12,12
13,13
14,14
15,15
15,16
17,17
18,18
19,19
20,20
21,21
22,22
23,23
24,24
25,25
26,26
27,27
28,28
29,29
30,30
31,31
32,32
33,33
34,34
35,35
36,36
37,37
38,38
39,39
40,40
41,41
42,42
43,43
44,44
45,45
46,46
47,47
48,48
49,49
50,50
51,51
52,52
53,53
54,54
55,55
56,56
57,57
58,58
59,59
0,0
1,1
2,2
3,3
4,4
5,5
6,6
7,7
8,8
9,9
10,10
11,11
12,12
13,13
14,14
15,15
15,16
17,17
18,18
19,19
20,20
21,21
22,22
23,23
24,24
25,25
26,26
27,27
28,28
28,29
2,30
31,31
32,32
9,33
34,34
35,35
36,36
37,37
46,38
39,39
40,40
41,41
42,42
43,43
44,44
45,45
46,46
47,47
48,48
49,49
50,50
51,51
52,52
53,53
54,54
55,55
56,56
57,57
58,58
59,59
0,0
36,1
45,2
3,3
35,4
5,5
6,6
7,7
8,8
28,9
10,10
1,11
13,13
14,14
16,15
15,16
27,17
44,18
19,19
20,20
21,21
35,22
23,23
27,24
25,25
26,26
27,27
29,28
10,29
31,30
31,31
28,32
33,33
34,34
35,35
36,36
35,37
32,38
39,39
40,40
41,41
42,42
43,43
47,44
54,45
40,46
47,47
48,48
56,49
50,50
54,51
52,52
3,53
54,54
4,55
56,56
30,57
58,58
59,59
0,0
36,1
2,2
3,3
28,4
5,5
6,6
7,7
8,8
11,9
10,10
11,11
12,12
13,13
14,14
15,15
15,16
17,17
18,18
19,19
20,20
21,21
22,22
23,23
24,24
25,25
26,26
27,27
28,28
29,29
30,30
31,31
32,32
33,33
34,34
35,35
36,36
37,37
38,38
39,39
40,40
41,41
42,42
43,43
44,44
45,45
39,46
47,47
48,48
49,49
50,50
51,51
52,52
53,53
54,54
55,55
56,56
57,57
58,58
59,59
0,0
36,1
2,2
3,3
4,4
5,5
6,6
7,7
8,8
9,9
10,10
29,11
12,12
13,13
14,14
15,15
15,16
17,17
18,18
19,19
20,20
21,21
22,22
23,23
4,24
25,25
26,26
27,27
28,28
29,29
30,30
31,31
32,32
33,33
34,34
35,35
36,36
43,37
38,38
39,39
40,40
41,41
42,42
43,43
44,44
45,45
46,46
47,47
48,48
49,49
50,50
51,51
52,52
53,53
54,54
55,55
56,56
57,57
58,58
59,59
0,0
36,1
2,2
3,3
28,4
5,5
6,6
7,7
8,8
9,9
10,10
11,11
17,12
14,13
14,14
15,15
15,16
17,17
18,18
4,23
27,24
25,25
26,26
27,27
28,28
11,29
30,30
31,31
11,32
11,33
34,34
35,35
36,36
2,37
38,38
39,39
40,40
41,41
42,42
43,43
44,44
45,45
46,46
47,47
48,48
49,49
50,50
51,51
52,52
53,53
54,54
55,55
56,56
57,57
58,58
59,59
0,0
36,1
2,2
3,3
4,4
5,5
6,6
7,7
8,8
9,9
10,10
11,11
12,12
13,13
14,14
15,15
15,16
17,17
18,18
19,19
20,20
21,21
22,22
23,23
4,24
25,25
26,26
27,27
28,28
28,29
30,30
31,31
32,32
32,33
34,34
35,35
36,36
37,37
38,38
39,39
40,40
41,41
42,42
43,43
44,44
45,45
46,46
47,47
48,48
49,49
50,50
51,51
52,52
53,53
54,54
55,55
56,56
57,57
58,58
59,59
0,0
17,1
2,2
3,3
4,4
5,5
6,6
7,7
8,8
48,9
28,10
11,11
12,12
13,13
14,14
15,15
15,16
17,17
18,18
19,19
20,20
21,21
22,22
23,23
4,24
25,25
26,26
27,27
28,28
35,29
30,30
31,31
32,32
33,33
34,34
35,35
36,36
37,37
38,38
39,39
36,40
41,41
42,42
43,43
44,44
45,45
40,46
47,47
48,48
49,49
50,50
51,51
52,52
53,53
54,54
55,55
56,56
57,57
58,58
59,59
0,0
3,1
2,2
3,3
4,4
5,5
6,6
7,7
8,8
9,9
10,10
47,11
12,12
13,13
14,14
15,15
15,16
17,17
18,18
19,19
20,20
21,21
22,22
23,23
4,24
25,25
26,26
27,27
28,28
2,29
30,30
31,31
17,32
33,33
34,34
35,35
36,36
52,37
38,38
39,39
43,40
41,41
42,42
43,43
44,44
45,45
46,46
47,47
48,48
49,49
50,50
51,51
52,52
53,53
54,54
55,55
56,56
57,57
58,58
59,59
0,0
2,1
2,2
3,3
4,4
5,5
6,6
7,7
8,8
38,9
10,10
11,11
12,12
13,13
14,14
15,15
16,16
17,17
18,18
19,19
20,20
21,21
22,22
23,23
24,24
25,25
26,26
27,27
28,28
29,29
30,30
31,31
32,32
38,33
34,34
35,35
36,36
37,37
38,38
39,39
47,40
41,41
42,42
43,43
44,44
45,45
46,46
47,47
48,48
54,49
50,50
51,51
52,52
53,53
54,54
55,55
56,56
57,57
58,58
59,59
45,0
45,1
2,2
3,3
4,4
5,5
6,6
7,7
8,8
9,9
32,10
17,11
12,12
13,13
14,14
15,15
15,16
17,17
20,18
19,19
20,20
21,21
22,22
23,23
24,24
25,25
26,26
27,27
28,28
28,29
30,30
31,31
32,32
0,33
34,34
20,35
32,36
37,37
38,38
44,39
33,40
41,41
42,42
43,43
44,44
45,45
46,46
47,47
48,48
49,49
50,50
51,51
52,52
53,53
54,54
55,55
56,56
57,57
58,58
59,59
0,0
2,1
2,2
3,3
28,4
5,5
6,6
7,7
8,8
28,9
28,10
11,11
12,12
13,13
14,14
15,15
15,16
19,19
20,20
21,21
22,22
23,23
24,24
25,25
26,26
28,27
28,28
29,29
32,30
32,31
32,32
38,33
34,34
35,35
36,36
37,37
38,38
39,39
40,40
41,41
42,42
40,43
44,44
24,45
46,46
47,47
48,48
49,49
50,50
51,51
52,52
53,53
54,54
55,55
56,56
57,57
58,58
59,59
0,0
1,1
2,2
3,3
4,4
5,5
6,6
7,7
8,8
38,9
10,10
28,11
12,12
13,13
14,14
15,15
15,16
17,17
18,18
19,19
20,20
21,21
22,22
23,23
24,24
25,25
26,26
27,27
28,28
29,29
37,30
31,31
32,32
33,33
34,34
3,35
36,36
37,37
38,38
32,39
40,40
41,41
42,42
43,43
44,44
45,45
46,46
47,47
48,48
49,49
50,50
51,51
52,52
53,53
54,54
56,55
55,56
57,57
58,58
59,59
0,0
2,1
2,2
3,3
4,4
5,5
6,6
7,7
8,8
38,9
10,10
39,11
12,12
13,13
14,14
15,15
15,16
17,17
46,18
19,19
20,20
21,21
22,22
23,23
24,24
25,25
26,26
27,27
28,28
33,29
30,30
31,31
32,32
38,33
34,34
35,35
36,36
37,37
38,38
38,39
40,40
41,41
42,42
44,43
44,44
45,45
46,46
47,47
48,48
49,49
50,50
51,51
52,52
53,53
54,54
55,55
56,56
57,57
58,58
59,59
0,0
1,1
2,2
3,3
4,4
5,5
6,6
7,7
8,8
38,9
33,10
11,11
12,12
13,13
14,14
15,15
15,16
17,17
18,18
19,19
20,20
21,21
22,22
23,23
24,24
25,25
26,26
27,27
38,28
29,29
30,30
17,31
32,32
9,33
34,34
35,35
3,36
37,37
38,38
35,39
40,40
41,41
42,42
46,43
44,44
45,45
46,46
47,47
48,48
49,49
50,50
51,51
53,52
53,53
54,54
55,55
56,56
57,57
58,58
59,59
0,0
1,1
37,2
3,3
4,4
5,5
6,6
7,7
8,8
9,9
10,10
29,11
12,12
13,13
14,14
15,15
15,16
17,17
18,18
19,19
20,20
21,21
22,22
23,23
24,24
25,25
26,26
27,27
28,28
29,29
30,30
31,31
32,32
32,33
34,34
35,35
36,36
37,37
38,38
39,39
44,40
41,41
42,42
43,43
44,44
34,45
46,46
47,47
43,48
49,49
50,50
51,51
52,52
53,53
54,54
55,55
56,56
57,57
58,58
59,59
2,0
2,1
2,2
3,3
4,4
5,5
6,6
7,7
8,8
9,9
29,10
29,11
12,12
13,13
14,14
15,15
16,16
17,17
18,18
19,19
20,20
21,21
22,22
23,23
24,24
25,25
26,26
27,27
1,28
29,29
30,30
31,31
32,32
33,33
34,34
35,35
40,36
37,37
38,38
39,39
44,40
41,41
42,42
43,43
44,44
45,45
46,46
47,47
48,48
49,49
23,50
51,51
52,52
53,53
54,54
55,55
56,56
57,57
58,58
59,59
0,0
18,1
43,2
43,3
4,4
5,5
6,6
12,12
13,13
14,14
15,15
16,16
17,17
18,18
19,19
20,20
21,21
22,22
23,23
24,24
25,25
26,26
27,27
28,28
22,29
30,30
31,31
32,32
29,33
34,34
35,35
43,36
39,37
38,38
39,39
46,40
41,41
42,42
43,43
44,44
32,45
46,46
47,47
48,48
24,50
51,51
52,52
53,53
54,54
55,55
56,56
57,57
58,58
59,59
0,0
3,1
2,2
3,3
4,4
5,5
6,6
7,7
8,8
44,9
27,10
29,11
12,12
13,13
14,14
15,15
16,16
17,17
18,18
19,19
20,20
21,21
22,22
23,23
24,24
25,25
26,26
27,27
28,28
29,29
30,30
31,31
32,32
33,33
34,34
35,35
36,36
37,37
38,38
39,39
36,40
41,41
42,42
43,43
44,44
45,45
46,46
40,47
48,48
49,49
50,50
51,51
52,52
53,53
54,54
55,55
56,56
57,57
58,58
59,59
0,0
18,1
2,2
3,3
4,4
5,5
6,6
7,7
8,8
9,9
10,10
11,11
12,12
13,13
14,14
15,15
15,16
17,17
18,18
19,19
20,20
21,21
22,22
23,23
24,24
25,25
26,26
27,27
28,28
11,29
30,30
31,31
32,32
33,33
34,34
35,35
36,36
37,37
38,38
39,39
40,40
41,41
42,42
43,43
44,44
45,45
46,46
47,47
48,48
49,49
50,50
51,51
52,52
53,53
54,54
55,55
56,56
57,57
58,58
59,59
0,0
2,1
2,2
3,3
4,4
5,5
6,6
7,7
8,8
10,9
29,10
29,11
12,12
13,13
14,14
16,15
16,16
17,17
18,18
19,19
20,20
21,21
22,22
23,23
24,24
25,25
26,26
27,27
28,28
28,29
30,30
31,31
32,32
33,33
34,34
35,35
43,36
37,37
38,38
39,39
40,40
41,41
42,42
43,43
44,44
45,45
46,46
47,47
43,48
49,49
50,50
51,51
52,52
53,53
54,54
55,55
56,56
57,57
58,58
59,59
1,0
1,1
2,2
3,3
4,4
5,5
6,6
7,7
8,8
9,9
28,10
11,11
12,12
13,13
14,14
15,15
15,16
17,17
18,18
19,19
20,20
21,21
22,22
23,23
24,24
25,25
26,26
27,27
28,28
29,29
30,30
31,31
32,32
33,33
34,34
35,35
36,36
37,37
38,38
39,39
34,40
41,41
42,42
43,43
44,44
45,45
46,46
47,47
48,48
49,49
50,50
51,51
52,52
53,53
54,54
55,55
56,56
57,57
58,58
59,59
46,0
1,1
2,2
3,3
4,4
5,5
6,6
7,7
8,8
9,9
10,10
11,11
12,12
13,13
14,14
15,15
16,16
17,17
18,18
19,19
20,20
21,21
22,22
23,23
24,24
25,25
26,26
27,27
28,28
29,29
49,30
31,31
32,32
33,33
34,34
35,35
36,36
37,37
38,38
39,39
34,40
23,41
42,42
43,43
44,44
45,45
46,46
47,47
48,48
49,49
50,50
51,51
52,52
53,53
54,54
55,55
56,56
57,57
58,58
59,59
28,0
1,1
2,2
4,4
5,5
6,6
7,7
8,8
28,9
28,10
28,11
12,12
13,13
14,14
15,15
15,16
17,17
18,18
19,19
20,20
48,21
22,22
23,23
24,24
25,25
26,26
27,27
28,28
29,29
30,30
31,31
32,32
33,33
34,34
35,35
3,36
37,37
38,38
39,39
34,40
41,41
42,42
43,43
44,44
18,45
3,46
47,47
48,48
49,49
49,50
51,51
52,52
53,53
54,54
55,55
56,56
57,57
58,58
59,59
0,0
1,1
2,2
3,3
4,4
5,5
5,6
7,7
8,8
9,9
36,10
11,11
33,12
13,13
14,14
15,15
15,16
17,17
18,18
19,19
20,20
21,21
22,22
23,23
24,24
25,25
26,26
27,27
28,28
29,29
30,30
31,31
32,32
36,33
34,34
35,35
36,36
37,37
38,38
39,39
49,40
23,41
42,42
43,43
44,44
45,45
46,46
47,47
48,48
49,49
56,50
51,51
52,52
53,53
54,54
55,55
56,56
57,57
58,58
59,59
0,0
1,1
2,2
3,3
29,4
5,5
6,6
54,7
8,8
9,9
11,10
11,11
12,12
13,13
14,14
19,15
21,16
36,17
18,18
19,19
20,20
21,21
22,22
23,23
24,24
25,25
26,26
27,27
1,28
28,29
30,30
31,31
32,32
9,33
34,34
35,35
36,36
37,37
38,38
39,39
34,40
41,41
42,42
43,43
44,44
45,45
46,46
47,47
48,48
54,49
50,50
51,51
52,52
53,53
54,54
52,55
56,56
57,57
58,58
59,59
0,0
1,1
2,2
36,3
4,4
15,5
5,6
7,7
8,8
9,9
10,10
11,11
14,12
13,13
14,14
15,15
15,16
17,17
18,18
19,19
20,20
21,21
30,22
23,23
24,24
25,25
26,26
27,27
28,28
29,29
49,30
2,31
32,32
33,33
34,34
35,35
36,36
37,37
38,38
39,39
40,40
41,41
42,42
20,43
36,44
45,45
40,46
5,47
48,48
49,49
50,50
51,51
52,52
53,53
54,54
55,55
56,56
57,57
58,58
59,59
0,0
1,1
2,2
3,3
4,4
5,5
6,6
7,7
8,8
9,9
32,10
11,11
12,12
13,13
14,14
15,15
16,16
17,17
18,18
19,19
20,20
21,21
22,22
23,23
24,24
25,25
26,26
27,27
28,28
29,29
30,30
31,31
32,32
33,33
34,34
35,35
36,36
37,37
38,38
39,39
44,40
41,41
42,42
43,43
44,44
45,45
46,46
44,47
21,48
49,49
50,50
51,51
52,52
53,53
54,54
55,55
56,56
57,57
58,58
59,59
0,0
1,1
2,2
3,3
4,4
5,5
6,6
7,7
8,8
9,9
28,10
11,11
12,12
13,13
14,14
15,15
16,16
17,17
18,18
19,19
20,20
21,21
22,22
23,23
24,24
25,25
26,26
27,27
28,28
29,29
30,30
31,31
32,32
33,33
34,34
52,35
36,36
37,37
38,38
39,39
47,40
41,41
42,42
43,43
44,44
45,45
46,46
44,47
48,48
52,49
50,50
51,51
52,52
53,53
54,54
55,55
56,56
57,57
58,58
59,59
0,0
1,1
0,2
46,3
4,4
5,5
6,6
15,7
8,8
9,9
32,10
11,11
12,12
13,13
14,14
15,15
16,16
17,17
18,18
19,19
20,20
21,21
22,22
23,23
24,24
25,25
26,26
27,27
28,28
29,29
30,30
31,31
32,32
33,33
34,34
35,35
36,36
37,37
38,38
39,39
40,40
41,41
42,42
43,43
44,44
45,45
24,46
44,47
3,48
49,49
50,50
51,51
52,52
53,53
54,54
55,55
56,56
57,57
58,58
59,59
0,0
1,1
2,2
3,3
4,4
5,5
6,6
7,7
8,8
9,9
10,10
29,11
12,12
13,13
14,14
15,15
16,16
17,17
18,18
19,19
20,20
21,21
22,22
23,23
24,24
25,25
26,26
2,27
28,28
29,29
30,30
31,31
32,32
33,33
34,34
35,35
36,36
37,37
38,38
39,39
44,40
41,41
42,42
43,43
44,44
45,45
46,46
44,47
48,48
52,49
50,50
51,51
52,52
53,53
54,54
55,55
56,56
57,57
58,58
59,59
0,0
1,1
2,2
3,3
4,4
5,5
6,6
7,7
8,8
9,9
32,10
11,11
12,12
13,13
14,14
15,15
16,16
17,17
18,18
19,19
20,20
21,21
22,22
23,23
24,24
25,25
26,26
27,27
28,28
11,29
30,30
31,31
32,32
33,33
34,34
35,35
36,36
37,37
38,38
39,39
44,40
41,41
42,42
43,43
44,44
45,45
46,46
44,47
21,48
52,49
50,50
51,51
52,52
53,53
54,54
55,55
56,56
57,57
58,58
59,59
0,0
1,1
2,2
43,3
4,4
5,5
6,6
7,7
8,8
9,9
28,10
28,11
12,12
13,13
14,14
15,15
15,16
17,17
18,18
19,19
20,20
21,21
23,22
23,23
24,24
25,25
26,26
48,27
29,28
11,29
30,30
31,31
32,32
33,33
47,34
44,35
36,36
37,37
38,38
39,39
47,40
41,41
42,42
43,43
44,44
44,45
44,46
44,47
48,48
55,49
13,50
55,51
2,52
52,53
54,54
55,55
54,56
57,57
58,58
59,59
0,0
1,1
40,2
3,3
4,4
5,5
6,6
7,7
8,8
9,9
11,10
11,11
1,12
13,13
14,14
15,15
16,16
17,17
18,18
19,19
20,20
21,21
40,22
23,23
24,24
25,25
26,26
27,27
28,28
10,29
30,30
31,31
32,32
33,33
34,34
35,35
36,36
43,37
38,38
39,39
40,40
41,41
42,42
46,43
47,44
45,45
36,46
47,47
48,48
49,49
50,50
51,51
53,52
53,53
54,54
55,55
56,56
57,57
58,58
59,59
0,0
18,1
27,2
3,3
4,4
5,5
6,6
7,7
8,8
9,9
10,10
11,11
12,12
13,13
13,14
15,15
15,16
17,17
18,18
19,19
20,20
21,21
48,22
41,23
24,24
25,25
26,26
27,27
38,28
28,29
30,30
30,31
32,32
33,33
47,34
35,35
36,36
37,37
38,38
39,39
40,40
41,41
42,42
43,43
44,44
45,45
46,46
34,47
48,48
49,49
50,50
51,51
52,52
53,53
54,54
55,55
56,56
57,57
58,58
59,59
0,0
1,1
36,2
3,3
27,4
5,5
6,6
7,7
8,8
9,9
28,10
44,11
1,12
13,13
14,14
15,15
47,16
18,18
19,19
20,20
21,21
48,22
41,23
24,24
25,25
26,26
27,27
28,28
11,29
30,30
30,31
39,32
33,33
34,34
35,35
36,36
35,37
38,38
39,39
40,40
41,41
42,42
43,43
44,44
29,45
29,46
47,47
48,48
49,49
50,50
51,51
52,52
53,53
54,54
55,55
56,56
57,57
58,58
59,59
0,0
1,1
1,2
3,3
4,4
5,5
6,6
7,7
8,8
9,9
11,10
11,11
12,12
13,13
13,14
15,15
16,16
17,17
18,18
19,19
20,20
21,21
22,22
23,23
24,24
25,25
26,26
27,27
28,28
29,29
30,30
30,31
32,32
33,33
44,34
35,35
36,36
37,37
38,38
39,39
40,40
41,41
42,42
3,43
44,44
45,45
46,46
34,47
48,48
49,49
49,50
49,51
52,52
53,53
54,54
55,55
56,56
57,57
58,58
58,59
0,0
4,1
2,2
3,3
1,4
5,5
6,6
7,7
8,8
9,9
28,10
29,11
12,12
13,13
14,14
15,15
15,16
17,17
40,18
36,19
20,20
21,21
48,22
23,23
24,24
25,25
26,26
46,27
28,28
10,29
30,30
31,31
32,32
33,33
34,34
35,35
36,36
2,37
38,38
38,39
40,40
41,41
42,42
47,43
44,44
45,45
27,46
47,47
48,48
49,49
50,50
51,51
52,52
53,53
54,54
55,55
56,56
53,57
58,58
59,59
24,0
2,1
35,2
43,3
38,4
5,5
6,6
7,7
8,8
38,9
28,10
11,11
13,13
13,14
15,15
16,16
17,17
18,18
19,19
20,20
21,21
2,22
49,23
2,24
25,25
26,26
37,27
44,28
11,29
27,30
30,31
32,32
33,33
34,34
35,35
36,36
37,37
38,38
38,39
24,40
41,41
42,42
46,43
44,44
45,45
46,46
34,47
37,48
49,49
6,50
23,51
52,52
37,53
54,54
55,55
56,56
53,57
58,58
59,59
0,0
40,1
2,2
43,3
4,4
5,5
6,6
7,7
8,8
9,9
11,10
11,11
4,12
13,13
14,14
16,15
16,16
17,17
18,18
19,19
20,20
21,21
22,22
23,23
24,24
25,25
26,26
27,27
28,28
29,29
30,30
31,31
32,32
33,33
34,34
35,35
36,36
37,37
38,38
39,39
40,40
41,41
42,42
43,43
44,44
45,45
46,46
47,47
48,48
49,49
50,50
51,51
52,52
53,53
54,54
55,55
56,56
57,57
58,58
59,59
0,0
1,1
2,2
3,3
4,4
5,5
6,6
7,7
8,8
9,9
28,10
11,11
12,12
13,13
14,14
15,15
15,16
17,17
18,18
19,19
20,20
21,21
22,22
23,23
24,24
25,25
26,26
27,27
28,28
29,29
30,30
31,31
32,32
33,33
34,34
35,35
36,36
37,37
38,38
39,39
40,40
41,41
42,42
43,43
47,44
45,45
46,46
47,47
48,48
49,49
50,50
51,51
52,52
53,53
54,54
55,55
56,56
57,57
58,58
59,59
0,0
18,1
2,2
2,3
4,4
5,5
6,6
7,7
8,8
9,9
11,10
11,11
12,12
13,13
14,14
15,15
16,16
17,17
40,18
19,19
18,20
21,21
22,22
23,23
24,24
25,25
26,26
27,27
28,28
29,29
30,30
31,31
32,32
33,33
34,34
35,35
36,36
37,37
27,38
39,39
40,40
41,41
42,42
43,43
44,44
45,45
46,46
47,47
48,48
49,49
50,50
51,51
52,52
53,53
54,54
55,55
15,56
57,57
58,58
59,59
0,0
1,1
2,2
3,3
4,4
5,5
6,6
7,7
8,8
9,9
10,10
11,11
12,12
13,13
14,14
15,15
15,16
17,17
18,18
19,19
20,20
21,21
22,22
23,23
24,24
25,25
26,26
27,27
28,28
29,29
30,30
31,31
32,32
33,33
34,34
35,35
36,36
37,37
38,38
39,39
40,40
41,41
42,42
43,43
34,44
45,45
43,46
47,47
48,48
49,49
50,50
51,51
52,52
53,53
54,54
55,55
56,56
57,57
58,58
59,59
0,0
1,1
2,2
43,3
4,4
5,5
6,6
7,7
8,8
9,9
10,10
11,11
12,12
13,13
14,14
15,15
16,16
17,17
18,18
19,19
20,20
21,21
22,22
23,23
24,24
25,25
26,26
27,27
28,28
29,29
30,30
31,31
32,32
33,33
34,34
35,35
46,36
37,37
38,38
39,39
40,40
41,41
42,42
43,43
44,44
45,45
46,46
34,47
48,48
49,49
50,50
51,51
52,52
53,53
54,54
55,55
56,56
57,57
58,58
59,59
2,1
4,2
40,3
43,4
5,5
6,6
7,7
8,8
9,9
12,12
13,13
14,14
15,15
15,16
17,17
18,18
35,19
35,20
21,21
52,22
23,23
4,24
25,25
26,26
27,27
27,28
29,29
37,30
37,31
32,32
33,33
34,34
35,35
36,36
4,37
38,38
39,39
40,40
42,41
42,42
43,43
57,44
45,45
43,46
47,47
50,48
37,49
50,50
6,51
52,52
53,53
54,54
4,55
47,56
57,57
58,58
59,59
0,0
1,1
2,2
3,3
4,4
5,5
6,6
7,7
8,8
9,9
43,10
11,11
12,12
13,13
14,14
15,15
5,16
3,17
18,18
19,19
20,20
21,21
22,22
23,23
24,24
25,25
26,26
27,27
11,28
29,29
30,30
31,31
32,32
33,33
34,34
35,35
36,36
37,37
38,38
39,39
40,40
41,41
42,42
43,43
44,44
45,45
46,46
34,47
48,48
49,49
50,50
51,51
52,52
53,53
54,54
53,55
56,56
57,57
58,58
58,59
0,0
37,1
2,2
3,3
4,4
5,5
6,6
7,7
8,8
38,9
10,10
11,11
12,12
13,13
14,14
15,15
15,16
17,17
18,18
19,19
20,20
21,21
22,22
23,23
24,24
25,25
26,26
27,27
28,28
29,29
30,30
31,31
32,32
33,33
34,34
35,35
36,36
37,37
43,38
39,39
40,40
41,41
42,42
43,43
44,44
24,45
46,46
47,47
21,48
49,49
50,50
51,51
52,52
53,53
54,54
55,55
56,56
57,57
58,58
59,59
0,0
1,1
2,2
3,3
32,4
5,5
6,6
7,7
8,8
9,9
10,10
11,11
12,12
13,13
14,14
15,15
5,16
17,17
18,18
19,19
20,20
21,21
22,22
23,23
24,24
25,25
26,26
27,27
28,28
10,29
30,30
31,31
38,32
33,33
47,34
35,35
40,36
37,37
40,38
39,39
40,40
41,41
42,42
3,43
44,44
45,45
46,46
34,47
46,48
49,49
50,50
51,51
52,52
53,53
54,54
53,55
56,56
57,57
58,58
59,59
0,0
1,1
2,2
3,3
4,4
5,5
6,6
7,7
8,8
38,9
11,10
10,11
12,12
13,13
14,14
15,15
15,16
17,17
18,18
19,19
20,20
21,21
22,22
23,23
24,24
25,25
26,26
27,27
39,28
29,29
30,30
31,31
32,32
33,33
34,34
35,35
36,36
37,37
38,38
39,39
40,40
41,41
42,42
43,43
44,44
45,45
46,46
47,47
48,48
49,49
50,50
51,51
52,52
53,53
54,54
30,55
56,56
57,57
58,58
59,59
0,0
1,1
2,2
3,3
4,4
5,5
6,6
7,7
8,8
9,9
39,10
43,11
12,12
13,13
14,14
15,15
15,16
17,17
18,18
19,19
20,20
21,21
22,22
23,23
24,24
25,25
26,26
27,27
11,28
11,29
30,30
31,31
32,32
36,33
34,34
35,35
36,36
37,37
38,38
39,39
40,40
41,41
42,42
43,43
44,44
24,45
46,46
34,47
48,48
49,49
50,50
51,51
52,52
53,53
54,54
55,55
56,56
57,57
58,58
59,59
0,0
30,1
2,2
24,3
30,4
5,5
6,6
7,7
8,8
38,9
12,10
28,11
12,12
13,13
14,14
16,15
15,16
17,17
18,18
19,19
35,20
21,21
37,22
23,23
34,24
25,25
26,26
24,27
28,28
24,29
44,30
44,31
32,32
9,33
34,34
35,35
36,36
46,37
38,38
39,39
46,40
41,41
42,42
46,43
34,44
54,45
45,46
47,47
37,48
49,49
50,50
51,51
53,52
49,53
54,54
51,55
34,56
2,57
58,58
59,59
0,0
18,1
2,2
3,3
4,4
5,5
6,6
7,7
8,8
9,9
10,10
11,11
12,12
13,13
14,14
15,15
16,16
17,17
18,18
19,19
20,20
21,21
22,22
23,23
24,24
25,25
26,26
27,27
28,28
29,29
30,30
2,31
32,32
33,33
34,34
45,35
36,36
37,37
38,38
38,39
40,40
41,41
42,42
43,43
44,44
45,45
46,46
47,47
48,48
49,49
50,50
51,51
52,52
53,53
54,54
55,55
56,56
57,57
58,58
59,59
0,0
1,1
2,2
3,3
4,4
5,5
6,6
7,7
8,8
9,9
10,10
11,11
12,12
13,13
14,14
15,15
16,16
17,17
18,18
19,19
20,20
21,21
22,22
23,23
24,24
25,25
26,26
27,27
28,28
29,29
30,30
31,31
32,32
33,33
34,34
35,35
36,36
37,37
38,38
39,39
2,40
41,41
42,42
43,43
44,44
45,45
46,46
47,47
48,48
49,49
50,50
51,51
52,52
53,53
54,54
55,55
56,56
57,57
58,58
59,59
0,0
18,1
2,2
3,3
4,4
5,5
6,6
7,7
8,8
9,9
10,10
11,11
12,12
13,13
14,14
15,15
16,16
17,17
18,18
19,19
20,20
21,21
22,22
23,23
24,24
25,25
26,26
27,27
28,28
29,29
30,30
28,31
32,32
33,33
34,34
35,35
36,36
37,37
38,38
39,39
40,40
41,41
42,42
43,43
44,44
45,45
43,46
47,47
48,48
49,49
50,50
51,51
52,52
53,53
54,54
55,55
56,56
57,57
58,58
59,59
0,0
18,1
2,2
3,3
4,4
5,5
6,6
7,7
8,8
9,9
10,10
11,11
12,12
13,13
14,14
15,15
16,16
17,17
18,18
19,19
20,20
21,21
22,22
23,23
24,24
25,25
26,26
27,27
28,28
35,29
30,30
31,31
32,32
33,33
34,34
35,35
36,36
37,37
38,38
39,39
40,40
41,41
42,42
43,43
44,44
45,45
19,46
47,47
48,48
49,49
50,50
51,51
52,52
53,53
54,54
55,55
56,56
57,57
58,58
59,59
0,0
40,1
2,2
3,3
4,4
5,5
6,6
7,7
8,8
9,9
10,10
11,11
12,12
13,13
14,14
15,15
16,16
17,17
18,18
19,19
20,20
21,21
22,22
23,23
24,24
25,25
26,26
17,27
28,28
11,29
30,30
31,31
32,32
33,33
34,34
35,35
36,36
37,37
38,38
39,39
40,40
41,41
42,42
43,43
44,44
45,45
43,46
47,47
48,48
49,49
50,50
51,51
52,52
53,53
54,54
55,55
56,56
57,57
58,58
59,59
2,0
1,1
2,2
3,3
4,4
5,5
6,6
7,7
8,8
9,9
11,10
11,11
12,12
13,13
14,14
15,15
16,16
17,17
18,18
19,19
20,20
21,21
22,22
23,23
24,24
25,25
26,26
27,27
28,28
29,29
30,30
31,31
32,32
33,33
34,34
35,35
2,36
35,37
38,38
39,39
2,40
41,41
42,42
43,43
44,44
45,45
46,46
47,47
48,48
49,49
50,50
51,51
52,52
53,53
54,54
55,55
56,56
57,57
58,58
59,59
27,0
2,1
2,2
3,3
4,4
5,5
6,6
7,7
8,8
9,9
10,10
11,11
12,12
13,13
14,14
15,15
16,16
17,17
18,18
19,19
20,20
21,21
22,22
23,23
24,24
25,25
26,26
27,27
28,28
29,29
30,30
31,31
32,32
33,33
34,34
35,35
36,36
37,37
38,38
39,39
43,40
41,41
42,42
43,43
44,44
45,45
46,46
47,47
48,48
49,49
50,50
51,51
52,52
53,53
54,54
55,55
56,56
57,57
58,58
59,59
0,0
27,1
2,2
3,3
4,4
5,5
6,6
7,7
8,8
9,9
10,10
11,11
12,12
13,13
14,14
15,15
16,16
17,17
18,18
19,19
20,20
21,21
22,22
23,23
24,24
25,25
26,26
27,27
28,28
29,29
30,30
31,31
32,32
33,33
34,34
28,35
36,36
37,37
38,38
39,39
17,40
41,41
42,42
43,43
44,44
45,45
43,46
47,47
48,48
49,49
50,50
51,51
52,52
53,53
54,54
55,55
56,56
57,57
58,58
59,59
17,0
2,1
2,2
3,3
4,4
5,5
49,6
7,7
8,8
9,9
10,10
10,11
12,12
13,13
14,14
15,15
16,16
17,17
18,18
19,19
20,20
21,21
22,22
23,23
24,24
25,25
26,26
27,27
28,28
29,29
30,30
31,31
32,32
33,33
34,34
35,35
36,36
37,37
38,38
39,39
43,40
41,41
42,42
38,43
44,44
45,45
43,46
47,47
48,48
49,49
50,50
51,51
52,52
53,53
54,54
55,55
56,56
57,57
58,58
59,59
0,0
2,1
2,2
3,3
4,4
5,5
6,6
7,7
8,8
9,9
10,10
10,11
12,12
13,13
14,14
15,15
16,16
17,17
18,18
19,19
20,20
21,21
22,22
23,23
24,24
25,25
26,26
27,27
28,28
11,29
30,30
31,31
32,32
33,33
34,34
35,35
36,36
37,37
38,38
39,39
40,40
41,41
42,42
43,43
44,44
45,45
46,46
47,47
48,48
49,49
50,50
51,51
52,52
53,53
54,54
55,55
56,56
57,57
58,58
59,59
2,0
2,1
2,2
3,3
4,4
5,5
6,6
7,7
8,8
9,9
10,10
10,11
12,12
13,13
14,14
16,15
16,16
17,17
18,18
19,19
20,20
21,21
22,22
23,23
24,24
25,25
26,26
27,27
28,28
29,29
30,30
31,31
32,32
33,33
34,34
35,35
36,36
37,37
38,38
39,39
2,40
41,41
42,42
43,43
44,44
45,45
46,46
47,47
48,48
49,49
50,50
51,51
52,52
53,53
54,54
55,55
56,56
57,57
58,58
59,59
2,0
27,1
2,2
3,3
46,4
5,5
6,6
7,7
8,8
9,9
33,10
28,11
12,12
13,13
14,14
15,15
16,16
17,17
18,18
19,19
20,20
21,21
22,22
23,23
24,24
25,25
26,26
37,27
28,28
29,29
30,30
31,31
32,32
33,33
34,34
35,35
27,36
37,37
38,38
39,39
40,40
41,41
42,42
43,43
44,44
45,45
43,46
47,47
48,48
49,49
50,50
51,51
52,52
53,53
54,54
55,55
56,56
57,57
58,58
59,59
0,0
40,1
2,2
3,3
4,4
5,5
6,6
7,7
8,8
9,9
10,10
10,11
12,12
13,13
14,14
23,15
16,16
17,17
18,18
19,19
20,20
21,21
22,22
23,23
24,24
25,25
26,26
27,27
28,28
29,29
30,30
31,31
32,32
33,33
34,34
35,35
36,36
37,37
38,38
39,39
2,40
41,41
42,42
43,43
44,44
45,45
46,46
47,47
48,48
49,49
50,50
51,51
52,52
53,53
54,54
55,55
56,56
57,57
58,58
59,59
0,0
43,1
2,2
3,3
4,4
5,5
6,6
7,7
8,8
9,9
10,10
10,11
12,12
13,13
14,14
16,15
16,16
17,17
18,18
19,19
20,20
21,21
22,22
23,23
24,24
25,25
26,26
27,27
28,28
29,29
30,30
31,31
32,32
33,33
34,34
35,35
36,36
37,37
38,38
39,39
43,40
41,41
42,42
43,43
44,44
45,45
46,46
47,47
48,48
49,49
50,50
51,51
52,52
53,53
54,54
55,55
56,56
57,57
58,58
59,59
17,0
2,1
43,2
3,3
4,4
5,5
6,6
7,7
8,8
9,9
10,10
29,11
12,12
13,13
14,14
23,15
16,16
17,17
18,18
19,19
20,20
21,21
22,22
23,23
24,24
25,25
26,26
27,27
28,28
10,29
30,30
31,31
32,32
33,33
34,34
35,35
36,36
37,37
38,38
39,39
43,40
41,41
42,42
43,43
44,44
45,45
46,46
47,47
48,48
49,49
50,50
51,51
52,52
53,53
54,54
55,55
56,56
57,57
58,58
59,59
0,0
2,1
2,2
3,3
4,4
5,5
6,6
7,7
8,8
9,9
10,10
11,11
12,12
13,13
14,14
15,15
16,16
17,17
18,18
19,19
20,20
21,21
22,22
23,23
24,24
25,25
26,26
27,27
28,28
29,29
30,30
31,31
32,32
33,33
34,34
35,35
36,36
37,37
38,38
39,39
2,40
41,41
42,42
43,43
44,44
45,45
46,46
47,47
48,48
49,49
50,50
51,51
52,52
53,53
54,54
55,55
56,56
57,57
58,58
59,59
0,0
2,1
2,2
3,3
4,4
5,5
6,6
7,7
8,8
9,9
10,10
10,11
12,12
13,13
14,14
16,15
16,16
17,17
18,18
19,19
20,20
21,21
22,22
23,23
24,24
25,25
26,26
27,27
28,28
29,29
30,30
31,31
32,32
33,33
34,34
35,35
36,36
37,37
38,38
39,39
2,40
41,41
42,42
43,43
44,44
45,45
46,46
47,47
48,48
49,49
50,50
51,51
52,52
53,53
54,54
55,55
56,56
57,57
58,58
59,59
37,0
2,1
40,2
37,3
4,4
5,5
6,6
7,7
8,8
9,9
10,10
10,11
12,12
13,13
14,14
15,15
16,16
17,17
18,18
19,19
20,20
21,21
22,22
23,23
24,24
25,25
26,26
27,27
28,28
11,29
30,30
31,31
32,32
33,33
34,34
35,35
36,36
35,37
38,38
39,39
43,40
41,41
42,42
43,43
44,44
45,45
46,46
47,47
48,48
49,49
50,50
51,51
52,52
53,53
54,54
55,55
56,56
57,57
58,58
59,59
0,0
1,1
2,2
3,3
4,4
5,5
6,6
7,7
8,8
9,9
10,10
10,11
12,12
13,13
14,14
23,15
16,16
17,17
18,18
19,19
20,20
21,21
22,22
23,23
24,24
25,25
26,26
27,27
28,28
29,29
30,30
31,31
32,32
33,33
34,34
35,35
36,36
37,37
38,38
39,39
40,40
41,41
42,42
43,43
44,44
45,45
46,46
47,47
48,48
49,49
50,50
51,51
52,52
53,53
54,54
55,55
56,56
57,57
58,58
59,59
0,0
1,1
2,2
3,3
4,4
5,5
6,6
7,7
8,8
9,9
33,10
10,11
12,12
13,13
14,14
15,15
16,16
27,17
18,18
19,19
20,20
21,21
22,22
23,23
24,24
25,25
26,26
27,27
28,28
11,29
30,30
31,31
32,32
33,33
34,34
35,35
36,36
37,37
38,38
39,39
40,40
41,41
42,42
43,43
44,44
45,45
46,46
47,47
48,48
49,49
50,50
51,51
52,52
52,53
54,54
55,55
52,56
57,57
58,58
59,59
0,0
1,1
2,2
3,3
4,4
5,5
6,6
7,7
15,8
9,9
10,10
29,11
12,12
13,13
14,14
23,15
16,16
17,17
18,18
19,19
20,20
21,21
22,22
23,23
24,24
25,25
26,26
27,27
28,28
27,29
30,30
31,31
32,32
33,33
34,34
35,35
36,36
37,37
32,38
39,39
43,40
41,41
42,42
43,43
44,44
45,45
46,46
47,47
48,48
49,49
50,50
51,51
52,52
53,53
54,54
55,55
56,56
57,57
58,58
59,59
0,0
1,1
2,2
3,3
4,4
5,5
6,6
7,7
8,8
9,9
10,10
10,11
12,12
13,13
14,14
15,15
23,16
17,17
18,18
19,19
20,20
21,21
22,22
23,23
24,24
25,25
26,26
17,27
28,28
11,29
30,30
31,31
32,32
33,33
34,34
35,35
36,36
37,37
38,38
39,39
40,40
41,41
42,42
43,43
44,44
45,45
46,46
47,47
48,48
49,49
50,50
51,51
52,52
53,53
54,54
55,55
56,56
57,57
58,58
59,59
0,0
1,1
2,2
3,3
4,4
5,5
6,6
7,7
8,8
9,9
10,10
10,11
12,12
13,13
14,14
16,15
16,16
17,17
18,18
19,19
20,20
21,21
22,22
23,23
24,24
25,25
26,26
27,27
28,28
10,29
30,30
31,31
32,32
33,33
34,34
35,35
36,36
37,37
38,38
39,39
40,40
41,41
42,42
43,43
44,44
45,45
46,46
47,47
48,48
49,49
50,50
51,51
52,52
53,53
54,54
55,55
56,56
57,57
58,58
59,59
35,0
6,1
2,2
3,3
4,4
5,5
6,6
7,7
16,8
9,9
10,10
10,11
12,12
13,13
14,14
23,15
16,16
17,17
18,18
19,19
20,20
21,21
22,22
23,23
24,24
25,25
26,26
37,27
28,28
11,29
30,30
31,31
32,32
33,33
34,34
35,35
36,36
37,37
43,38
39,39
40,40
41,41
42,42
43,43
44,44
45,45
46,46
47,47
48,48
49,49
50,50
51,51
52,52
53,53
54,54
55,55
56,56
57,57
58,58
59,59
0,0
1,1
2,2
3,3
4,4
5,5
6,6
7,7
8,8
17,9
33,10
11,11
12,12
13,13
14,14
15,15
15,16
17,17
18,18
19,19
20,20
21,21
22,22
23,23
24,24
25,25
26,26
27,27
28,28
29,29
30,30
31,31
32,32
33,33
34,34
35,35
36,36
37,37
38,38
39,39
40,40
41,41
42,42
43,43
44,44
45,45
46,46
47,47
48,48
49,49
50,50
51,51
52,52
53,53
54,54
53,55
56,56
57,57
58,58
59,59
0,0
1,1
2,2
3,3
35,4
5,5
6,6
7,7
8,8
9,9
11,10
11,11
12,12
13,13
14,14
15,15
16,16
17,17
18,18
19,19
20,20
21,21
22,22
23,23
24,24
25,25
26,26
27,27
28,28
29,29
30,30
31,31
32,32
33,33
34,34
35,35
36,36
37,37
38,38
39,39
44,40
41,41
42,42
43,43
44,44
45,45
46,46
47,47
48,48
49,49
50,50
51,51
53,52
53,53
54,54
55,55
56,56
57,57
58,58
59,59
0,0
1,1
2,2
3,3
4,4
5,5
6,6
7,7
8,8
9,9
11,10
11,11
12,12
13,13
14,14
15,15
15,16
17,17
18,18
19,19
20,20
21,21
22,22
23,23
24,24
25,25
26,26
43,27
28,28
27,29
30,30
31,31
35,32
33,33
34,34
35,35
3,36
37,37
38,38
39,39
44,40
41,41
42,42
43,43
44,44
45,45
46,46
47,47
48,48
50,50
51,51
52,52
53,53
54,54
55,55
56,56
57,57
58,58
59,59
0,0
1,1
2,2
3,3
4,4
5,5
6,6
7,7
8,8
9,9
28,10
11,11
0,12
13,13
14,14
15,15
16,16
17,17
18,18
19,19
20,20
21,21
22,22
23,23
24,24
25,25
26,26
27,27
28,28
29,29
30,30
31,31
32,32
33,33
34,34
35,35
36,36
37,37
38,38
39,39
40,40
41,41
42,42
43,43
44,44
45,45
46,46
47,47
48,48
49,49
50,50
51,51
52,52
53,53
54,54
55,55
56,56
57,57
58,58
58,59
0,0
1,1
2,2
3,3
4,4
5,5
6,6
7,7
8,8
18,9
1,10
11,11
12,12
13,13
14,14
15,15
16,16
17,17
18,18
19,19
20,20
21,21
22,22
23,23
24,24
25,25
26,26
27,27
28,28
29,29
30,30
31,31
32,32
33,33
34,34
35,35
36,36
37,37
38,38
39,39
40,40
41,41
42,42
43,43
44,44
45,45
46,46
47,47
48,48
49,49
50,50
49,51
52,52
53,53
54,54
53,55
56,56
57,57
58,58
59,59
0,0
28,1
35,2
3,3
35,4
34,5
6,6
7,7
8,8
9,9
28,10
11,11
12,12
13,13
14,14
15,15
16,16
27,17
18,18
19,19
20,20
21,21
37,22
23,23
1,24
25,25
26,26
2,27
28,28
29,29
30,30
31,31
32,32
33,33
34,34
35,35
36,36
37,37
38,38
39,39
40,40
41,41
42,42
46,43
44,44
43,45
45,46
47,47
35,48
49,49
50,50
51,51
52,52
53,53
54,54
55,55
56,56
57,57
58,58
59,59
0,0
17,1
18,2
2,3
4,4
5,5
6,6
7,7
8,8
9,9
11,10
17,11
12,12
6,13
14,14
15,15
15,16
17,17
18,18
19,19
20,20
21,21
22,22
23,23
15,24
25,25
26,26
27,27
28,28
1,29
30,30
31,31
32,32
1,33
34,34
36,35
3,36
37,37
38,38
39,39
40,40
41,41
42,42
43,43
47,44
45,45
46,46
47,47
48,48
49,49
50,50
51,51
52,52
53,53
54,54
55,55
56,56
57,57
58,58
59,59
0,0
1,1
2,2
3,3
29,4
34,5
6,6
7,7
8,8
9,9
10,10
11,11
12,12
13,13
14,14
47,15
23,16
27,17
18,18
19,19
20,20
21,21
48,22
23,23
24,24
25,25
26,26
36,27
0,28
27,29
30,30
31,31
32,32
33,33
34,34
35,35
3,36
37,37
38,38
39,39
40,40
41,41
42,42
48,43
44,44
44,45
45,46
47,47
48,48
49,49
50,50
51,51
52,52
53,53
54,54
55,55
56,56
57,57
58,58
59,59
0,0
2,1
2,2
3,3
4,4
16,5
6,6
7,7
8,8
24,9
10,10
10,11
12,12
13,13
14,14
15,15
15,16
27,17
18,18
19,19
20,20
3,21
48,22
23,23
35,24
25,25
26,26
27,27
28,28
21,29
30,30
31,31
17,32
30,33
47,34
45,35
3,36
37,37
38,38
39,39
43,40
41,41
42,42
46,43
44,44
45,45
46,46
47,47
48,48
49,49
50,50
51,51
52,52
53,53
54,54
55,55
56,56
57,57
58,58
59,59
0,0
1,1
2,2
3,3
4,4
5,5
6,6
7,7
8,8
9,9
36,10
11,11
12,12
13,13
14,14
16,15
23,16
17,17
18,18
19,19
20,20
21,21
48,22
23,23
24,24
25,25
26,26
27,27
28,28
11,29
30,30
31,31
32,32
33,33
34,34
35,35
3,36
37,37
38,38
39,39
40,40
41,41
42,42
43,43
47,44
45,45
46,46
47,47
48,48
49,49
50,50
51,51
52,52
53,53
54,54
55,55
56,56
57,57
58,58
59,59
0,0
0,1
2,2
3,3
4,4
5,5
6,6
7,7
8,8
9,9
12,10
11,11
12,12
13,13
14,14
15,15
15,16
17,17
18,18
19,19
20,20
21,21
22,22
23,23
24,24
25,25
26,26
27,27
28,28
11,29
30,30
31,31
32,32
33,33
44,34
35,35
3,36
37,37
38,38
39,39
40,40
41,41
42,42
43,43
44,44
45,45
46,46
47,47
48,48
49,49
50,50
51,51
53,52
53,53
54,54
55,55
56,56
57,57
58,58
59,59
0,0
1,1
2,2
3,3
35,4
16,5
6,6
7,7
8,8
33,9
48,10
11,11
30,12
13,13
14,14
16,16
1,17
17,18
19,19
20,20
20,21
48,22
35,23
28,24
25,25
26,26
1,27
29,28
28,29
30,30
30,31
32,32
38,33
34,34
35,35
36,36
35,37
38,38
37,39
40,40
41,41
5,42
48,43
47,44
35,45
46,46
47,47
48,48
49,49
50,50
54,51
52,52
53,53
54,54
55,55
56,56
57,57
58,58
59,59
2,0
1,1
2,2
3,3
4,4
5,5
6,6
7,7
8,8
9,9
10,10
11,11
12,12
13,13
14,14
16,15
16,16
17,17
18,18
19,19
20,20
21,21
22,22
23,23
24,24
25,25
26,26
27,27
28,28
29,29
30,30
31,31
32,32
33,33
34,34
35,35
36,36
37,37
38,38
39,39
40,40
41,41
42,42
43,43
44,44
34,45
46,46
47,47
48,48
49,49
50,50
51,51
52,52
53,53
55,55
56,56
57,57
58,58
59,59
0,0
18,1
2,2
3,3
4,4
5,5
6,6
7,7
8,8
33,9
10,10
11,11
12,12
13,13
14,14
15,15
16,16
17,17
18,18
19,19
20,20
21,21
22,22
23,23
45,24
25,25
26,26
27,27
28,28
29,29
30,30
31,31
32,32
33,33
34,34
30,35
36,36
37,37
38,38
39,39
40,40
41,41
42,42
43,43
44,44
45,45
43,46
47,47
48,48
49,49
50,50
51,51
50,52
53,53
36,55
15,56
2,57
58,58
59,59
27,0
17,1
2,2
3,3
4,4
5,5
6,6
7,7
8,8
9,9
10,10
11,11
13,12
13,13
14,14
16,15
16,16
17,17
18,18
19,19
20,20
21,21
22,22
23,23
24,24
25,25
26,26
27,27
28,28
11,29
30,30
28,31
32,32
33,33
34,34
35,35
36,36
37,37
38,38
39,39
43,40
41,41
42,42
43,43
44,44
34,45
36,46
47,47
48,48
49,49
50,50
51,51
52,52
52,53
54,54
55,55
56,56
57,57
58,58
59,59
0,0
1,1
2,2
3,3
4,4
5,5
6,6
7,7
8,8
33,9
10,10
11,11
12,12
13,13
14,14
15,15
15,16
17,17
18,18
19,19
20,20
21,21
22,22
23,23
24,24
25,25
26,26
43,27
10,28
29,29
30,30
31,31
32,32
33,33
34,34
4,35
36,36
37,37
38,38
39,39
46,40
41,41
42,42
43,43
44,44
45,45
46,46
47,47
48,48
49,49
50,50
51,51
52,52
53,53
54,54
55,55
56,56
57,57
58,58
59,59
2,0
1,1
2,2
3,3
4,4
5,5
6,6
7,7
8,8
9,9
10,10
11,11
12,12
13,13
14,14
15,15
16,16
17,17
18,18
19,19
20,20
21,21
22,22
23,23
24,24
25,25
26,26
27,27
28,28
11,29
18,30
31,31
32,32
33,33
34,34
35,35
36,36
37,37
38,38
39,39
40,40
41,41
42,42
43,43
44,44
34,45
43,46
47,47
48,48
49,49
50,50
51,51
52,52
53,53
54,54
55,55
56,56
57,57
58,58
59,59
0,0
18,1
43,2
3,3
24,4
5,5
6,6
7,7
8,8
9,9
10,10
11,11
6,12
13,13
14,14
15,15
16,16
17,17
18,18
19,19
20,20
21,21
22,22
23,23
44,24
25,25
26,26
27,27
28,28
29,29
30,30
31,31
32,32
33,33
34,34
24,35
3,36
45,37
38,38
39,39
40,40
41,41
42,42
46,43
44,44
40,45
46,46
47,47
48,48
49,49
50,50
51,51
52,52
53,53
54,54
55,55
56,56
57,57
58,58
59,59
