0,0
1,1
2,2
3,3
16,4
5,5
6,6
7,7
8,8
9,9
10,10
28,11
28,12
13,13
14,14
15,15
16,16
17,17
18,18
19,19
20,20
21,21
22,22
23,23
24,24
25,25
26,26
27,27
28,28
29,29
31,30
31,31
32,32
33,33
34,34
53,35
36,36
37,37
38,38
39,39
40,40
41,41
42,42
43,43
44,44
45,45
46,46
40,47
48,48
49,49
50,50
51,51
52,52
53,53
54,54
55,55
56,56
57,57
58,58
59,59
0,0
1,1
2,2
3,3
16,4
5,5
6,6
7,7
8,8
9,9
10,10
29,11
12,12
13,13
14,14
15,15
16,16
17,17
18,18
3,19
20,20
21,21
22,22
23,23
24,24
25,25
26,26
27,27
28,28
45,29
32,30
32,31
0,32
12,33
34,34
35,35
36,36
37,37
44,38
39,39
40,40
41,41
42,42
43,43
44,44
45,45
46,46
47,47
48,48
49,49
50,50
51,51
52,52
53,53
54,54
55,55
56,56
57,57
58,58
59,59
0,0
1,1
2,2
3,3
4,4
5,5
6,6
7,7
8,8
9,9
29,10
11,11
12,12
13,13
14,14
15,15
16,16
17,17
18,18
19,19
20,20
21,21
22,22
23,23
24,24
25,25
26,26
27,27
28,28
28,29
31,30
31,31
32,32
33,33
34,34
35,35
36,36
37,37
38,38
39,39
38,40
41,41
42,42
43,43
44,44
35,45
46,46
40,47
48,48
49,49
50,50
51,51
52,52
53,53
54,54
55,55
56,56
57,57
58,58
59,59
0,0
1,1
2,2
3,3
16,4
5,5
6,6
7,7
8,8
33,9
28,10
11,11
12,12
13,13
14,14
15,15
16,16
17,17
18,18
10,19
20,20
12,21
22,22
23,23
1,24
25,25
26,26
27,27
28,28
35,29
32,30
31,31
0,32
12,33
34,34
35,35
36,36
37,37
44,38
39,39
40,40
41,41
42,42
43,43
44,44
45,45
46,46
47,47
48,48
6,49
23,50
51,51
52,52
53,53
54,54
55,55
56,56
57,57
58,58
59,59
0,0
17,1
2,2
3,3
16,4
5,5
6,6
7,7
8,8
9,9
10,10
11,11
12,12
13,13
14,14
15,15
16,16
17,17
18,18
19,19
20,20
21,21
22,22
23,23
24,24
25,25
26,26
27,27
28,28
28,29
30,30
31,31
32,32
33,33
34,34
35,35
36,36
37,37
38,38
39,39
40,40
41,41
42,42
43,43
44,44
45,45
46,46
40,47
48,48
49,49
50,50
51,51
52,52
53,53
54,54
55,55
56,56
57,57
58,58
59,59
11,0
1,1
2,2
3,3
4,4
5,5
21,6
7,7
8,8
9,9
11,10
28,11
22,12
13,13
14,14
15,15
16,16
17,17
18,18
3,19
20,20
21,21
22,22
23,23
1,24
25,25
26,26
27,27
28,28
45,29
32,30
31,31
16,32
29,33
34,34
35,35
36,36
37,37
43,38
39,39
40,40
41,41
42,42
43,43
36,44
44,45
46,46
47,47
46,48
49,49
50,50
51,51
52,52
53,53
54,54
55,55
56,56
57,57
58,58
59,59
0,0
3,1
2,2
3,3
4,4
5,5
6,6
7,7
8,8
9,9
10,10
11,11
12,12
13,13
14,14
15,15
23,16
17,17
18,18
19,19
20,20
21,21
22,22
23,23
24,24
25,25
26,26
27,27
28,28
29,29
30,30
31,31
32,32
33,33
34,34
35,35
36,36
37,37
38,38
39,39
40,40
41,41
42,42
43,43
44,44
45,45
46,46
40,47
48,48
49,49
50,50
51,51
53,52
53,53
54,54
55,55
56,56
57,57
58,58
59,59
0,0
1,1
2,2
3,3
4,4
5,5
6,6
7,7
8,8
9,9
11,10
11,11
12,12
13,13
14,14
15,15
16,16
17,17
18,18
19,19
20,20
21,21
22,22
23,23
18,24
25,25
26,26
27,27
28,28
29,29
30,30
10,31
32,32
22,33
34,34
35,35
36,36
37,37
38,38
39,39
40,40
41,41
15,42
43,43
44,44
45,45
46,46
47,47
48,48
49,49
50,50
51,51
52,52
53,53
54,54
55,55
56,56
57,57
58,58
59,59
0,0
1,1
2,2
3,3
4,4
5,5
6,6
7,7
8,8
9,9
10,10
11,11
10,12
13,13
14,14
15,15
45,16
17,17
18,18
19,19
20,20
21,21
22,22
23,23
24,24
25,25
26,26
27,27
28,28
10,29
30,30
31,31
32,32
33,33
34,34
35,35
36,36
37,37
38,38
39,39
40,40
41,41
42,42
43,43
44,44
35,45
46,46
47,47
48,48
49,49
50,50
51,51
53,52
53,53
54,54
55,55
56,56
57,57
58,58
59,59
0,0
1,1
2,2
3,3
4,4
5,5
6,6
7,7
8,8
9,9
10,10
11,11
12,12
13,13
14,14
15,15
16,16
17,17
18,18
19,19
20,20
21,21
22,22
23,23
1,24
25,25
26,26
27,27
28,28
29,29
32,30
32,31
32,32
33,33
34,34
35,35
36,36
37,37
38,38
39,39
40,40
41,41
42,42
43,43
44,44
45,45
46,46
47,47
48,48
49,49
50,50
51,51
52,52
53,53
54,54
55,55
56,56
57,57
58,58
59,59
0,0
3,1
2,2
3,3
4,4
5,5
6,6
7,7
8,8
9,9
10,10
11,11
10,12
13,13
14,14
15,15
23,16
17,17
18,18
19,19
20,20
21,21
22,22
23,23
24,24
25,25
26,26
27,27
28,28
29,29
30,30
31,31
32,32
33,33
34,34
35,35
36,36
37,37
38,38
39,39
40,40
41,41
42,42
43,43
44,44
45,45
46,46
40,47
22,48
49,49
50,50
51,51
52,52
53,53
54,54
55,55
56,56
57,57
58,58
59,59
0,0
1,1
2,2
3,3
4,4
5,5
14,6
7,7
8,8
33,9
28,10
11,11
12,12
13,13
14,14
15,15
16,16
17,17
18,18
19,19
20,20
22,21
22,22
23,23
1,24
25,25
26,26
35,27
28,28
36,29
32,30
32,31
28,32
22,33
34,34
35,35
36,36
37,37
38,38
39,39
40,40
41,41
42,42
43,43
44,44
24,45
46,46
47,47
48,48
49,49
49,50
51,51
52,52
53,53
54,54
55,55
56,56
57,57
58,58
59,59
0,0
1,1
2,2
3,3
4,4
5,5
6,6
7,7
8,8
9,9
10,10
11,11
12,12
13,13
14,14
15,15
16,16
17,17
18,18
19,19
20,20
21,21
22,22
23,23
24,24
25,25
26,26
27,27
28,28
29,29
30,30
31,31
32,32
9,33
34,34
35,35
36,36
37,37
38,38
39,39
47,40
41,41
42,42
43,43
44,44
45,45
46,46
47,47
48,48
49,49
50,50
51,51
52,52
53,53
54,54
55,55
56,56
57,57
58,58
59,59
0,0
1,1
2,2
3,3
4,4
5,5
6,6
7,7
8,8
9,9
10,10
0,11
12,12
13,13
14,14
15,15
23,16
17,17
18,18
19,19
20,20
13,21
22,22
23,23
17,24
25,25
26,26
27,27
28,28
29,29
30,30
31,31
32,32
33,33
34,34
35,35
36,36
37,37
38,38
39,39
40,40
41,41
42,42
43,43
46,44
45,45
46,46
47,47
48,48
49,49
50,50
51,51
52,52
53,53
54,54
55,55
56,56
56,57
58,58
59,59
0,0
0,1
2,2
21,3
4,4
5,5
6,6
7,7
8,8
3,9
11,10
17,11
13,13
14,14
15,15
15,16
17,17
18,18
19,19
20,20
21,21
22,22
23,23
3,24
25,25
26,26
27,27
28,28
29,29
30,30
31,31
32,32
9,33
34,34
35,35
36,36
37,37
38,38
39,39
40,40
41,41
42,42
43,43
44,44
45,45
46,46
47,47
48,48
49,49
50,50
51,51
52,52
53,53
54,54
55,55
56,56
57,57
58,58
59,59
0,0
1,1
2,2
3,3
4,4
5,5
6,6
7,7
8,8
9,9
10,10
11,11
12,12
13,13
14,14
15,15
23,16
17,17
18,18
19,19
6,20
21,21
22,22
23,23
46,24
25,25
26,26
27,27
28,28
11,29
30,30
31,31
32,32
33,33
34,34
35,35
36,36
37,37
38,38
39,39
40,40
41,41
42,42
43,43
44,44
45,45
46,46
47,47
48,48
49,49
50,50
51,51
52,52
53,53
54,54
55,55
56,56
57,57
58,58
59,59
0,0
1,1
2,2
3,3
4,4
5,5
6,6
7,7
8,8
9,9
10,10
29,11
12,12
13,13
13,14
15,15
16,16
17,17
18,18
19,19
20,20
21,21
22,22
23,23
46,24
25,25
26,26
27,27
28,28
29,29
31,30
31,31
32,32
33,33
34,34
35,35
36,36
37,37
38,38
39,39
40,40
41,41
42,42
43,43
44,44
45,45
46,46
47,47
48,48
49,49
50,50
51,51
52,52
53,53
54,54
55,55
56,56
57,57
58,58
59,59
0,0
1,1
43,2
19,3
4,4
5,5
6,6
7,7
8,8
9,9
10,10
29,11
12,12
13,13
14,14
15,15
23,16
17,17
18,18
19,19
20,20
21,21
22,22
23,23
18,24
25,25
26,26
27,27
28,28
10,29
30,30
31,31
32,32
33,33
34,34
35,35
36,36
37,37
18,38
39,39
40,40
41,41
42,42
27,43
44,44
45,45
46,46
54,47
43,48
49,49
50,50
51,51
52,52
53,53
54,54
55,55
56,56
57,57
58,58
59,59
0,0
1,1
2,2
3,3
4,4
5,5
6,6
7,7
8,8
9,9
10,10
11,11
12,12
13,13
14,14
41,15
16,16
17,17
18,18
19,19
20,20
21,21
22,22
23,23
24,24
25,25
26,26
27,27
28,28
29,29
30,30
31,31
32,32
33,33
34,34
35,35
36,36
37,37
38,38
39,39
40,40
41,41
42,42
43,43
44,44
45,45
46,46
47,47
48,48
49,49
50,50
51,51
52,52
53,53
54,54
55,55
56,56
57,57
58,58
59,59
0,0
1,1
2,2
3,3
4,4
5,5
6,6
7,7
8,8
9,9
11,10
11,11
12,12
13,13
14,14
23,15
23,16
17,17
18,18
19,19
20,20
21,21
22,22
23,23
24,24
25,25
26,26
27,27
28,28
11,29
30,30
31,31
32,32
48,33
34,34
35,35
36,36
31,37
38,38
39,39
40,40
41,41
42,42
43,43
44,44
45,45
46,46
47,47
48,48
49,49
50,50
51,51
52,52
53,53
54,54
55,55
56,56
57,57
58,58
59,59
0,0
1,1
2,2
3,3
4,4
5,5
6,6
7,7
8,8
33,9
10,10
11,11
12,12
13,13
14,14
41,15
23,16
17,17
18,18
19,19
20,20
21,21
22,22
23,23
24,24
25,25
26,26
27,27
28,28
29,29
30,30
31,31
32,32
33,33
34,34
35,35
36,36
37,37
38,38
39,39
40,40
41,41
42,42
43,43
44,44
24,45
36,46
47,47
48,48
49,49
50,50
51,51
52,52
53,53
54,54
55,55
56,56
57,57
58,58
59,59
0,0
1,1
2,2
3,3
4,4
5,5
6,6
7,7
8,8
9,9
10,10
11,11
12,12
13,13
14,14
15,15
23,16
17,17
18,18
19,19
20,20
21,21
22,22
23,23
24,24
25,25
26,26
27,27
28,28
29,29
30,30
31,31
32,32
33,33
34,34
35,35
36,36
37,37
32,38
39,39
40,40
41,41
42,42
46,43
44,44
45,45
46,46
47,47
48,48
49,49
50,50
51,51
52,52
52,53
54,54
55,55
56,56
57,57
58,58
59,59
0,0
1,1
2,2
3,3
4,4
5,5
6,6
7,7
8,8
9,9
10,10
28,11
12,12
13,13
14,14
16,15
16,16
17,17
18,18
19,19
20,20
21,21
22,22
23,23
24,24
25,25
26,26
27,27
28,28
29,29
30,30
31,31
32,32
33,33
34,34
35,35
36,36
37,37
44,38
39,39
40,40
41,41
42,42
43,43
44,44
45,45
46,46
47,47
48,48
49,49
50,50
51,51
52,52
53,53
54,54
55,55
56,56
57,57
58,58
59,59
0,0
1,1
2,2
43,3
4,4
5,5
6,6
7,7
8,8
33,9
11,10
11,11
12,12
13,13
14,14
23,15
23,16
17,17
18,18
19,19
20,20
21,21
22,22
23,23
24,24
25,25
26,26
27,27
0,28
29,29
31,30
31,31
32,32
48,33
34,34
35,35
3,36
37,37
38,38
39,39
47,40
41,41
42,42
43,43
46,44
45,45
46,46
47,47
48,48
49,49
50,50
51,51
53,52
53,53
51,54
55,55
56,56
57,57
58,58
59,59
0,0
1,1
2,2
3,3
4,4
5,5
6,6
7,7
8,8
9,9
10,10
11,11
12,12
13,13
14,14
16,15
16,16
17,17
18,18
19,19
20,20
21,21
22,22
23,23
24,24
25,25
26,26
43,27
29,28
29,29
30,30
31,31
32,32
9,33
34,34
35,35
36,36
37,37
38,38
39,39
40,40
41,41
42,42
43,43
44,44
45,45
37,46
47,47
48,48
49,49
50,50
51,51
52,52
53,53
54,54
55,55
56,56
57,57
58,58
59,59
2,0
1,1
2,2
3,3
4,4
5,5
30,6
7,7
8,8
9,9
10,10
11,11
12,12
13,13
14,14
15,15
16,16
17,17
18,18
19,19
20,20
21,21
22,22
23,23
24,24
25,25
26,26
27,27
28,28
29,29
30,30
30,31
32,32
33,33
34,34
35,35
36,36
37,37
38,38
39,39
43,40
41,41
42,42
32,43
44,44
45,45
46,46
47,47
48,48
49,49
50,50
51,51
52,52
53,53
54,54
55,55
56,56
57,57
58,58
59,59
2,0
1,1
43,2
3,3
4,4
5,5
30,6
8,8
9,9
10,10
11,11
12,12
13,13
14,14
16,15
16,16
17,17
18,18
19,19
20,20
21,21
22,22
23,23
24,24
25,25
26,26
43,27
29,28
29,29
30,30
31,31
32,32
33,33
34,34
35,35
36,36
37,37
38,38
39,39
40,40
41,41
42,42
43,43
44,44
45,45
46,46
47,47
48,48
49,49
50,50
51,51
53,52
53,53
54,54
55,55
56,56
57,57
58,58
59,59
0,0
1,1
2,2
3,3
4,4
16,5
30,6
7,7
8,8
9,9
10,10
11,11
12,12
13,13
14,14
15,15
16,16
17,17
18,18
19,19
20,20
21,21
22,22
23,23
24,24
25,25
26,26
27,27
28,28
29,29
30,30
31,31
32,32
33,33
34,34
35,35
36,36
37,37
38,38
39,39
40,40
41,41
42,42
43,43
44,44
45,45
46,46
45,47
48,48
49,49
50,50
51,51
52,52
53,53
54,54
55,55
56,56
57,57
58,58
59,59
2,0
1,1
43,2
3,3
4,4
5,5
30,6
7,7
8,8
9,9
28,10
11,11
12,12
13,13
14,14
16,15
16,16
17,17
37,18
19,19
20,20
21,21
22,22
23,23
24,24
25,25
26,26
27,27
28,28
29,29
30,30
31,31
32,32
33,33
34,34
35,35
36,36
37,37
38,38
39,39
40,40
41,41
42,42
43,43
44,44
24,45
46,46
47,47
48,48
49,49
50,50
51,51
52,52
53,53
54,54
55,55
56,56
57,57
58,58
59,59
2,0
1,1
32,2
3,3
4,4
5,5
6,6
8,8
9,9
10,10
11,11
12,12
13,13
14,14
15,15
16,16
17,17
18,18
19,19
20,20
21,21
22,22
23,23
24,24
25,25
26,26
37,27
28,28
28,29
30,30
31,31
32,32
33,33
34,34
35,35
36,36
37,37
38,38
39,39
43,40
41,41
42,42
43,43
44,44
45,45
3,46
47,47
48,48
49,49
50,50
51,51
52,52
53,53
54,54
55,55
56,56
57,57
58,58
59,59
0,0
1,1
2,2
3,3
4,4
5,5
6,6
7,7
8,8
33,9
10,10
28,11
12,12
13,13
14,14
16,15
16,16
17,17
18,18
19,19
20,20
21,21
22,22
23,23
24,24
25,25
26,26
27,27
28,28
29,29
30,30
31,31
32,32
33,33
34,34
35,35
36,36
37,37
38,38
39,39
43,40
41,41
42,42
43,43
44,44
45,45
46,46
47,47
48,48
49,49
50,50
51,51
52,52
53,53
54,54
55,55
56,56
57,57
58,58
59,59
0,0
1,1
2,2
3,3
4,4
5,5
6,6
7,7
8,8
9,9
10,10
11,11
12,12
13,13
14,14
15,15
16,16
17,17
18,18
19,19
20,20
21,21
22,22
23,23
24,24
25,25
26,26
27,27
28,28
29,29
30,30
31,31
32,32
33,33
34,34
35,35
36,36
37,37
39,38
39,39
40,40
41,41
42,42
43,43
44,44
45,45
46,46
47,47
48,48
49,49
50,50
51,51
52,52
53,53
54,54
55,55
56,56
57,57
58,58
59,59
0,0
1,1
2,2
3,3
4,4
5,5
6,6
7,7
8,8
9,9
10,10
28,11
11,12
13,13
14,14
15,15
16,16
17,17
18,18
19,19
20,20
21,21
22,22
23,23
24,24
25,25
26,26
27,27
28,28
29,29
30,30
31,31
32,32
33,33
34,34
35,35
3,36
37,37
38,38
39,39
43,40
41,41
42,42
43,43
44,44
45,45
46,46
47,47
48,48
49,49
50,50
51,51
52,52
53,53
54,54
55,55
56,56
57,57
58,58
59,59
0,0
1,1
2,2
3,3
4,4
5,5
6,6
7,7
8,8
9,9
11,10
28,11
12,12
13,13
14,14
16,15
16,16
18,17
18,18
19,19
20,20
21,21
22,22
23,23
24,24
25,25
26,26
27,27
28,28
29,29
30,30
31,31
32,32
33,33
34,34
35,35
36,36
37,37
38,38
39,39
40,40
41,41
42,42
43,43
44,44
45,45
46,46
47,47
48,48
6,49
50,50
51,51
52,52
53,53
54,54
55,55
56,56
57,57
58,58
59,59
0,0
1,1
2,2
3,3
4,4
5,5
6,6
7,7
8,8
9,9
10,10
28,11
12,12
13,13
14,14
16,15
16,16
17,17
18,18
19,19
20,20
21,21
22,22
23,23
24,24
25,25
26,26
27,27
12,28
29,29
30,30
31,31
32,32
33,33
34,34
35,35
36,36
37,37
38,38
39,39
2,40
41,41
42,42
43,43
44,44
45,45
46,46
47,47
48,48
49,49
50,50
51,51
52,52
53,53
54,54
55,55
56,56
57,57
58,58
59,59
0,0
1,1
2,2
3,3
4,4
5,5
6,6
7,7
8,8
9,9
11,10
28,11
12,12
13,13
14,14
10,15
16,16
17,17
18,18
19,19
20,20
21,21
22,22
6,23
45,24
25,25
26,26
27,27
28,28
29,29
30,30
31,31
32,32
9,33
34,34
35,35
36,36
37,37
38,38
39,39
40,40
41,41
42,42
43,43
45,44
45,45
46,46
47,47
48,48
49,49
50,50
51,51
52,52
53,53
54,54
55,55
56,56
57,57
58,58
59,59
0,0
1,1
2,2
3,3
4,4
5,5
6,6
7,7
8,8
9,9
11,10
10,11
12,12
13,13
14,14
15,15
16,16
17,17
18,18
19,19
20,20
21,21
22,22
23,23
24,24
25,25
26,26
27,27
28,28
29,29
30,30
31,31
28,32
33,33
34,34
53,35
36,36
37,37
38,38
39,39
40,40
41,41
42,42
43,43
24,44
45,45
46,46
47,47
48,48
49,49
50,50
51,51
52,52
53,53
54,54
55,55
56,56
57,57
58,58
59,59
0,0
1,1
2,2
3,3
4,4
5,5
6,6
7,7
8,8
9,9
10,10
11,11
12,12
13,13
14,14
15,15
16,16
17,17
18,18
19,19
20,20
21,21
22,22
23,23
24,24
25,25
26,26
27,27
28,28
29,29
30,30
31,31
32,32
33,33
34,34
35,35
36,36
37,37
38,38
39,39
40,40
41,41
42,42
43,43
44,44
45,45
46,46
47,47
48,48
49,49
50,50
51,51
52,52
53,53
54,54
55,55
56,56
57,57
58,58
59,59
0,0
1,1
2,2
3,3
4,4
5,5
6,6
7,7
8,8
9,9
10,10
10,11
12,12
13,13
14,14
15,15
16,16
17,17
18,18
19,19
20,20
21,21
22,22
23,23
24,24
25,25
26,26
27,27
28,28
29,29
30,30
31,31
32,32
33,33
34,34
38,35
36,36
37,37
38,38
39,39
40,40
41,41
42,42
43,43
44,44
45,45
46,46
47,47
48,48
49,49
50,50
51,51
52,52
53,53
54,54
55,55
56,56
57,57
58,58
59,59
0,0
1,1
2,2
3,3
4,4
5,5
6,6
7,7
8,8
9,9
10,10
29,11
12,12
13,13
14,14
15,15
16,16
17,17
18,18
19,19
20,20
21,21
22,22
23,23
24,24
25,25
26,26
27,27
12,28
11,29
30,30
31,31
32,32
33,33
34,34
35,35
36,36
37,37
38,38
39,39
40,40
41,41
42,42
2,43
44,44
45,45
46,46
47,47
48,48
49,49
50,50
51,51
52,52
53,53
54,54
55,55
56,56
57,57
58,58
59,59
0,0
1,1
2,2
3,3
4,4
5,5
6,6
7,7
8,8
9,9
10,10
11,11
12,12
13,13
14,14
15,15
16,16
17,17
18,18
19,19
20,20
21,21
22,22
23,23
24,24
25,25
26,26
27,27
28,28
29,29
30,30
31,31
32,32
33,33
34,34
37,35
36,36
37,37
38,38
39,39
40,40
41,41
42,42
43,43
44,44
45,45
46,46
47,47
48,48
49,49
50,50
51,51
52,52
53,53
54,54
55,55
56,56
57,57
58,58
59,59
0,0
1,1
2,2
3,3
4,4
5,5
6,6
7,7
8,8
9,9
10,10
11,11
12,12
13,13
14,14
15,15
15,16
1,17
18,18
19,19
20,20
21,21
22,22
23,23
24,24
25,25
26,26
27,27
28,28
29,29
30,30
31,31
32,32
33,33
34,34
35,35
36,36
37,37
38,38
39,39
40,40
41,41
42,42
43,43
44,44
45,45
46,46
47,47
48,48
49,49
50,50
51,51
52,52
53,53
54,54
55,55
56,56
57,57
58,58
59,59
0,0
1,1
43,2
3,3
4,4
5,5
6,6
7,7
8,8
9,9
28,10
29,11
12,12
13,13
14,14
15,15
16,16
17,17
18,18
19,19
40,20
21,21
22,22
23,23
24,24
25,25
26,26
27,27
28,28
29,29
30,30
31,31
32,32
33,33
34,34
35,35
40,36
37,37
38,38
39,39
40,40
41,41
42,42
43,43
44,44
45,45
46,46
47,47
48,48
49,49
50,50
51,51
52,52
53,53
54,54
55,55
56,56
57,57
58,58
59,59
0,0
1,1
2,2
3,3
4,4
5,5
6,6
7,7
8,8
9,9
10,10
29,11
12,12
13,13
14,14
15,15
16,16
17,17
18,18
19,19
20,20
21,21
22,22
23,23
24,24
25,25
26,26
27,27
11,28
29,29
30,30
31,31
32,32
33,33
34,34
35,35
36,36
37,37
38,38
39,39
40,40
41,41
42,42
43,43
44,44
45,45
46,46
47,47
2,48
49,49
50,50
51,51
52,52
53,53
54,54
55,55
56,56
57,57
58,58
59,59
0,0
1,1
2,2
3,3
4,4
5,5
6,6
7,7
8,8
9,9
31,10
29,11
12,12
13,13
14,14
15,15
16,16
17,17
18,18
19,19
18,20
21,21
22,22
23,23
24,24
25,25
26,26
27,27
12,28
29,29
30,30
31,31
32,32
33,33
34,34
35,35
36,36
37,37
38,38
39,39
40,40
41,41
42,42
43,43
44,44
45,45
46,46
47,47
48,48
49,49
50,50
51,51
52,52
55,53
54,54
55,55
56,56
57,57
58,58
59,59
0,0
1,1
2,2
3,3
4,4
5,5
6,6
7,7
8,8
33,9
10,10
11,11
12,12
13,13
14,14
15,15
16,16
17,17
18,18
19,19
20,20
43,21
22,22
23,23
24,24
25,25
26,26
27,27
11,28
29,29
30,30
31,31
32,32
33,33
34,34
35,35
36,36
37,37
38,38
39,39
40,40
41,41
42,42
43,43
44,44
45,45
46,46
47,47
48,48
49,49
50,50
49,51
52,52
53,53
54,54
55,55
54,56
57,57
58,58
59,59
0,0
1,1
43,2
3,3
4,4
5,5
6,6
7,7
8,8
33,9
28,10
10,11
12,12
13,13
14,14
15,15
16,16
17,17
18,18
19,19
20,20
21,21
22,22
23,23
24,24
25,25
26,26
27,27
4,28
29,29
30,30
31,31
32,32
33,33
34,34
35,35
36,36
37,37
38,38
39,39
40,40
41,41
42,42
43,43
44,44
45,45
46,46
47,47
48,48
49,49
50,50
51,51
53,52
53,53
54,54
55,55
56,56
57,57
58,58
59,59
0,0
1,1
2,2
3,3
4,4
5,5
45,6
56,7
44,8
9,9
28,10
29,11
12,12
13,13
14,14
16,15
16,16
17,17
18,18
3,19
29,20
53,21
22,22
23,23
24,24
25,25
26,26
27,27
29,28
29,29
53,30
31,31
32,32
33,33
34,34
48,35
36,36
37,37
38,38
39,39
40,40
41,41
42,42
43,43
44,44
45,45
46,46
47,47
48,48
49,49
50,50
51,51
53,52
53,53
54,54
55,55
56,56
57,57
58,58
59,59
0,0
1,1
2,2
12,3
4,4
5,5
6,6
7,7
8,8
9,9
11,10
11,11
12,12
13,13
14,14
15,15
16,16
17,17
18,18
19,19
20,20
21,21
22,22
23,23
24,24
25,25
26,26
27,27
28,28
29,29
30,30
30,31
32,32
33,33
34,34
35,35
36,36
37,37
38,38
39,39
40,40
41,41
42,42
43,43
44,44
45,45
46,46
47,47
48,48
49,49
50,50
51,51
52,52
53,53
54,54
55,55
56,56
57,57
58,58
59,59
0,0
27,1
2,2
3,3
4,4
5,5
6,6
7,7
8,8
9,9
28,10
11,11
12,12
13,13
14,14
15,15
16,16
43,17
18,18
19,19
20,20
31,21
22,22
50,23
24,24
25,25
26,26
27,27
29,28
24,29
30,30
31,31
32,32
33,33
34,34
35,35
36,36
37,37
38,38
39,39
40,40
41,41
42,42
43,43
44,44
45,45
46,46
47,47
48,48
49,49
50,50
51,51
52,52
53,53
54,54
55,55
56,56
57,57
58,58
59,59
0,0
1,1
2,2
0,3
34,4
5,5
6,6
7,7
8,8
9,9
10,10
11,11
0,12
13,13
14,14
15,15
15,16
17,17
18,18
19,19
20,20
21,21
1,22
23,23
24,24
25,25
26,26
27,27
28,28
11,29
30,30
31,31
32,32
33,33
34,34
29,35
3,36
37,37
38,38
39,39
38,40
41,41
42,42
43,43
44,44
45,45
46,46
47,47
48,48
35,49
50,50
51,51
52,52
53,53
54,54
55,55
56,56
57,57
58,58
59,59
0,0
1,1
2,2
3,3
4,4
5,5
6,6
7,7
8,8
9,9
10,10
28,11
12,12
13,13
14,14
15,15
16,16
17,17
18,18
19,19
20,20
39,21
22,22
23,23
24,24
25,25
26,26
27,27
12,28
29,29
30,30
31,31
32,32
33,33
34,34
27,35
36,36
37,37
38,38
39,39
40,40
41,41
42,42
43,43
44,44
45,45
46,46
47,47
48,48
49,49
50,50
51,51
52,52
53,53
54,54
55,55
56,56
57,57
58,58
59,59
0,0
1,1
2,2
3,3
4,4
5,5
6,6
7,7
8,8
9,9
10,10
11,11
12,12
13,13
13,14
15,15
16,16
17,17
18,18
19,19
20,20
21,21
22,22
23,23
24,24
25,25
26,26
27,27
28,28
29,29
30,30
31,31
32,32
33,33
34,34
35,35
36,36
37,37
38,38
39,39
40,40
41,41
42,42
43,43
44,44
45,45
46,46
47,47
48,48
49,49
50,50
51,51
52,52
53,53
54,54
55,55
56,56
57,57
58,58
59,59
11,0
27,1
10,2
3,3
4,4
34,5
6,6
7,7
8,8
9,9
10,10
11,11
48,12
13,13
14,14
16,15
16,16
43,17
18,18
19,19
20,20
19,21
22,22
23,23
24,24
25,25
26,26
2,27
28,28
29,29
30,30
31,31
37,32
9,33
34,34
35,35
36,36
37,37
38,38
39,39
40,40
41,41
42,42
43,43
44,44
45,45
46,46
47,47
48,48
49,49
50,50
51,51
52,52
53,53
54,54
55,55
56,56
57,57
58,58
59,59
0,0
1,1
2,2
3,3
4,4
5,5
6,6
7,7
8,8
9,9
10,10
28,11
12,12
13,13
14,14
15,15
16,16
17,17
18,18
19,19
20,20
21,21
22,22
23,23
24,24
25,25
26,26
27,27
28,28
11,29
30,30
31,31
32,32
33,33
34,34
35,35
36,36
37,37
39,38
39,39
40,40
41,41
42,42
43,43
44,44
45,45
46,46
47,47
48,48
49,49
50,50
51,51
52,52
53,53
54,54
55,55
56,56
57,57
58,58
59,59
0,0
1,1
2,2
3,3
4,4
5,5
6,6
7,7
8,8
9,9
10,10
29,11
12,12
13,13
14,14
15,15
16,16
17,17
18,18
19,19
20,20
21,21
22,22
23,23
24,24
25,25
26,26
27,27
28,28
4,29
30,30
31,31
32,32
33,33
34,34
35,35
36,36
37,37
38,38
39,39
40,40
41,41
42,42
43,43
44,44
45,45
46,46
47,47
48,48
49,49
50,50
51,51
52,52
53,53
54,54
55,55
52,56
57,57
58,58
59,59
0,0
1,1
2,2
3,3
6,6
7,7
8,8
29,9
1,10
11,11
12,12
13,13
14,14
15,15
16,16
17,17
18,18
19,19
20,20
21,21
22,22
23,23
24,24
25,25
26,26
27,27
28,28
11,29
30,30
31,31
2,32
33,33
34,34
35,35
36,36
37,37
6,38
39,39
40,40
41,41
42,42
43,43
44,44
45,45
46,46
47,47
48,48
49,49
50,50
51,51
52,52
53,53
54,54
55,55
56,56
57,57
58,58
59,59
0,0
1,1
2,2
3,3
4,4
5,5
6,6
7,7
8,8
9,9
10,10
11,11
12,12
13,13
14,14
15,15
16,16
17,17
18,18
19,19
20,20
21,21
22,22
23,23
24,24
25,25
26,26
27,27
28,28
29,29
30,30
31,31
32,32
33,33
34,34
35,35
48,36
37,37
38,38
39,39
43,40
41,41
42,42
43,43
44,44
45,45
46,46
47,47
48,48
49,49
49,50
51,51
52,52
53,53
54,54
55,55
56,56
57,57
58,58
59,59
0,0
1,1
0,2
3,3
4,4
5,5
6,6
7,7
8,8
9,9
10,10
29,11
12,12
13,13
14,14
15,15
16,16
17,17
18,18
19,19
20,20
21,21
22,22
23,23
24,24
25,25
26,26
27,27
28,28
11,29
30,30
31,31
32,32
33,33
34,34
35,35
33,36
37,37
39,38
39,39
40,40
41,41
42,42
43,43
44,44
45,45
46,46
47,47
48,48
49,49
50,50
51,51
52,52
53,53
54,54
55,55
56,56
57,57
58,58
58,59
0,0
1,1
3,2
3,3
40,4
5,5
13,6
42,7
10,10
16,11
12,12
21,13
14,14
15,15
16,16
17,17
18,18
19,19
48,20
20,21
22,22
23,23
25,25
26,26
17,27
33,28
11,29
30,30
31,31
32,32
33,33
34,34
35,35
46,36
37,37
38,38
31,39
38,40
41,41
42,42
43,43
44,44
45,45
46,46
47,47
48,48
49,49
50,50
51,51
52,52
53,53
54,54
55,55
56,56
57,57
58,58
59,59
0,0
1,1
2,2
3,3
4,4
5,5
6,6
7,7
8,8
9,9
10,10
11,11
12,12
13,13
14,14
15,15
16,16
17,17
18,18
19,19
20,20
21,21
22,22
23,23
24,24
25,25
26,26
27,27
28,28
29,29
31,30
31,31
32,32
33,33
34,34
29,35
36,36
37,37
38,38
39,39
40,40
41,41
42,42
43,43
44,44
45,45
46,46
47,47
48,48
49,49
50,50
51,51
52,52
53,53
54,54
55,55
56,56
57,57
58,58
59,59
0,0
1,1
2,2
3,3
16,4
5,5
6,6
7,7
8,8
9,9
12,10
29,11
12,12
13,13
13,14
15,15
16,16
17,17
18,18
19,19
20,20
21,21
22,22
23,23
4,24
25,25
26,26
27,27
31,28
29,29
30,30
31,31
32,32
33,33
34,34
35,35
36,36
37,37
38,38
39,39
36,40
41,41
42,42
17,43
44,44
45,45
46,46
47,47
48,48
51,49
50,50
51,51
52,52
53,53
54,54
55,55
56,56
57,57
58,58
58,59
0,0
1,1
2,2
3,3
4,4
5,5
6,6
7,7
8,8
9,9
11,10
11,11
12,12
49,13
14,14
15,15
16,16
17,17
18,18
37,19
20,20
21,21
22,22
23,23
24,24
25,25
26,26
27,27
28,28
29,29
30,30
22,31
22,32
33,33
34,34
35,35
36,36
37,37
38,38
39,39
40,40
41,41
42,42
43,43
44,44
24,45
46,46
47,47
48,48
49,49
50,50
51,51
52,52
53,53
54,54
55,55
56,56
57,57
58,58
59,59
0,0
1,1
2,2
3,3
16,4
5,5
6,6
42,7
8,8
9,9
10,10
28,11
12,12
13,13
13,14
15,15
16,16
17,17
18,18
19,19
20,20
21,21
22,22
23,23
24,24
25,25
26,26
27,27
31,28
11,29
31,30
43,31
30,32
33,33
34,34
35,35
36,36
37,37
38,38
39,39
36,40
41,41
42,42
43,43
44,44
45,45
46,46
47,47
48,48
51,49
50,50
51,51
52,52
53,53
54,54
55,55
56,56
57,57
58,58
59,59
0,0
43,2
4,4
5,5
6,6
7,7
8,8
17,9
11,10
11,11
12,12
13,13
14,14
15,15
16,16
17,17
18,18
19,19
20,20
21,21
22,22
23,23
24,24
25,25
26,26
27,27
29,28
11,29
31,30
31,31
32,32
33,33
34,34
35,35
36,36
37,37
38,38
39,39
40,40
41,41
42,42
43,43
44,44
45,45
46,46
47,47
48,48
49,49
50,50
51,51
53,52
53,53
54,54
55,55
56,56
57,57
58,58
59,59
0,0
1,1
2,2
3,3
24,4
5,5
6,6
7,7
8,8
9,9
10,10
28,11
12,12
13,13
13,14
15,15
10,16
17,17
18,18
19,19
20,20
21,21
22,22
23,23
12,24
25,25
26,26
27,27
0,28
28,29
30,30
31,31
32,32
33,33
34,34
35,35
36,36
37,37
38,38
39,39
40,40
41,41
42,42
43,43
44,44
45,45
46,46
47,47
48,48
49,49
50,50
51,51
52,52
53,53
54,54
55,55
56,56
57,57
58,58
59,59
0,0
1,1
2,2
3,3
4,4
5,5
6,6
7,7
8,8
9,9
10,10
28,11
12,12
13,13
14,14
15,15
16,16
17,17
19,18
18,19
20,20
21,21
22,22
23,23
15,24
25,25
26,26
46,27
21,28
29,29
30,30
31,31
32,32
33,33
34,34
35,35
36,36
37,37
38,38
39,39
40,40
41,41
42,42
43,43
44,44
45,45
46,46
47,47
48,48
49,49
50,50
51,51
52,52
53,53
54,54
55,55
56,56
52,57
58,58
59,59
0,0
1,1
2,2
3,3
4,4
5,5
6,6
7,7
8,8
9,9
10,10
11,11
12,12
13,13
14,14
15,15
16,16
17,17
1,18
19,19
20,20
21,21
22,22
23,23
15,24
25,25
26,26
27,27
0,28
29,29
30,30
24,31
32,32
33,33
34,34
35,35
36,36
37,37
38,38
39,39
2,40
41,41
42,42
3,43
47,44
45,45
46,46
47,47
48,48
49,49
50,50
51,51
52,52
53,53
54,54
55,55
56,56
57,57
58,58
59,59
0,0
1,1
2,2
3,3
4,4
5,5
41,6
7,7
8,8
9,9
28,10
11,11
48,12
13,13
14,14
15,15
16,16
17,17
20,18
19,19
20,20
21,21
22,22
23,23
24,24
25,25
26,26
27,27
10,28
11,29
30,30
39,31
37,32
33,33
34,34
35,35
36,36
39,37
38,38
39,39
40,40
41,41
42,42
19,43
44,44
45,45
43,46
47,47
48,48
49,49
49,50
51,51
52,52
53,53
54,54
55,55
56,56
57,57
58,58
59,59
0,0
1,1
2,2
3,3
4,4
5,5
6,6
7,7
8,8
33,9
10,10
10,11
14,12
13,13
14,14
15,15
16,16
17,17
18,18
19,19
20,20
21,21
22,22
23,23
11,24
25,25
26,26
9,27
0,28
29,29
37,30
21,31
32,32
30,33
34,34
35,35
36,36
37,37
38,38
19,39
2,40
41,41
42,42
17,43
44,44
45,45
46,46
47,47
48,48
49,49
50,50
51,51
52,52
53,53
54,54
55,55
56,56
57,57
58,58
59,59
31,0
27,1
45,2
31,3
4,4
5,5
6,6
34,7
33,9
10,10
28,11
12,12
13,13
14,14
8,23
26,26
15,29
18,30
2,31
29,32
33,33
34,34
44,35
11,36
37,37
46,38
39,39
40,40
41,41
42,42
43,43
44,44
45,45
46,46
47,47
48,48
49,49
50,50
51,51
52,52
53,53
54,54
55,55
56,56
57,57
58,58
59,59
2,0
1,1
3,3
4,4
5,5
41,6
7,7
8,8
22,9
11,10
29,11
12,12
13,13
14,14
15,15
44,16
17,17
1,18
19,19
20,20
21,21
32,22
23,23
29,24
25,25
26,26
29,27
12,28
29,29
17,30
0,31
32,32
33,33
34,34
35,35
36,36
23,37
38,38
39,39
2,40
41,41
42,42
3,43
8,44
45,45
36,46
47,47
33,48
49,49
42,50
56,51
52,52
39,53
57,54
55,55
56,56
30,57
58,58
59,59
0,0
2,1
2,2
3,3
4,4
5,5
6,6
7,7
8,8
9,9
11,10
11,11
12,12
13,13
14,14
15,15
16,16
17,17
18,18
19,19
20,20
21,21
22,22
23,23
24,24
25,25
26,26
27,27
15,28
29,29
31,30
31,31
32,32
33,33
34,34
35,35
36,36
37,37
38,38
39,39
40,40
41,41
42,42
2,43
44,44
45,45
46,46
40,47
48,48
52,49
50,50
51,51
52,52
53,53
54,54
55,55
56,56
57,57
58,58
59,59
0,0
27,1
2,2
3,3
4,4
5,5
6,6
7,7
23,8
9,9
10,10
11,11
12,12
13,13
14,14
15,15
16,16
17,17
18,18
19,19
20,20
21,21
22,22
50,23
45,24
25,25
26,26
27,27
28,28
29,29
22,30
31,31
32,32
33,33
34,34
35,35
3,36
37,37
38,38
39,39
40,40
41,41
42,42
43,43
44,44
45,45
46,46
47,47
48,48
50,49
50,50
51,51
52,52
53,53
54,54
55,55
56,56
57,57
58,58
59,59
3,1
3,3
4,4
5,5
6,6
7,7
8,8
9,9
10,10
10,11
12,12
14,14
41,15
16,16
17,17
18,18
19,19
20,20
21,21
22,22
23,23
24,24
25,25
26,26
27,27
15,28
11,29
30,30
31,31
32,32
33,33
34,34
35,35
36,36
37,37
38,38
39,39
40,40
41,41
42,42
2,43
15,44
45,45
46,46
47,47
48,48
4,49
41,50
51,51
52,52
53,53
54,54
27,55
56,56
57,57
58,58
41,59
0,0
3,1
2,2
3,3
4,4
5,5
6,6
7,7
23,8
3,9
10,10
29,11
12,12
13,13
14,14
15,15
16,16
17,17
43,18
19,19
20,20
21,21
6,22
23,23
45,24
25,25
26,26
27,27
28,28
29,29
22,30
31,31
32,32
33,33
34,34
35,35
3,36
37,37
38,38
30,39
40,40
41,41
42,42
43,43
44,44
45,45
46,46
47,47
48,48
51,49
50,50
51,51
52,52
53,53
54,54
55,55
56,56
57,57
58,58
59,59
0,0
1,1
2,2
3,3
4,4
5,5
6,6
7,7
8,8
9,9
10,10
11,11
12,12
13,13
14,14
15,15
16,16
17,17
18,18
19,19
20,20
21,21
22,22
23,23
24,24
28,25
26,26
27,27
13,28
29,29
31,30
31,31
32,32
33,33
34,34
35,35
36,36
37,37
38,38
39,39
40,40
41,41
42,42
3,43
44,44
45,45
46,46
47,47
48,48
56,49
50,50
51,51
52,52
53,53
54,54
55,55
56,56
57,57
58,58
59,59
0,0
10,1
2,2
3,3
4,4
5,5
12,6
7,7
8,8
33,9
28,10
4,11
33,12
13,13
14,14
10,15
16,16
17,17
18,18
19,19
20,20
31,21
22,22
23,23
16,24
41,25
26,26
27,27
28,28
10,29
22,30
31,31
32,32
33,33
34,34
35,35
36,36
37,37
38,38
39,39
40,40
41,41
42,42
43,43
40,44
45,45
0,46
47,47
48,48
50,49
50,50
51,51
52,52
53,53
54,54
32,55
56,56
57,57
58,58
59,59
0,0
1,1
2,2
3,3
4,4
5,5
6,6
7,7
8,8
9,9
10,10
11,11
12,12
13,13
14,14
15,15
16,16
17,17
18,18
19,19
20,20
3,21
22,22
23,23
24,24
25,25
26,26
27,27
28,28
11,29
31,30
31,31
32,32
33,33
34,34
35,35
36,36
37,37
38,38
39,39
40,40
41,41
42,42
43,43
44,44
45,45
46,46
47,47
48,48
49,49
50,50
51,51
52,52
53,53
54,54
55,55
56,56
57,57
58,58
59,59
1,0
1,1
3,2
3,3
6,4
5,5
6,6
7,7
8,8
9,9
11,10
11,11
12,12
13,13
14,14
15,15
16,16
37,17
20,18
20,20
21,21
9,22
23,23
10,24
25,25
26,26
27,27
11,28
29,29
30,30
31,31
32,32
33,33
34,34
35,35
36,36
37,37
38,38
39,39
40,40
41,41
42,42
43,43
44,44
45,45
46,46
47,47
48,48
49,49
50,50
51,51
52,52
53,53
54,54
55,55
56,56
57,57
58,58
59,59
0,0
1,1
3,2
48,3
4,4
5,5
6,6
7,7
8,8
9,9
11,10
29,11
12,12
13,13
14,14
16,15
16,16
20,17
18,18
19,19
20,20
48,21
22,22
23,23
24,24
25,25
26,26
27,27
28,28
28,29
31,30
31,31
10,32
33,33
34,34
35,35
46,36
37,37
38,38
39,39
40,40
41,41
42,42
43,43
44,44
45,45
46,46
47,47
48,48
49,49
50,50
51,51
52,52
53,53
54,54
55,55
56,56
57,57
58,58
59,59
0,0
1,1
2,2
3,3
6,4
5,5
41,6
2,7
8,8
9,9
28,10
11,11
12,12
26,13
14,14
15,15
16,16
37,17
37,18
19,19
20,20
21,21
9,22
23,23
28,24
25,25
26,26
27,27
15,28
29,29
32,30
31,31
32,32
33,33
34,34
35,35
36,36
37,37
38,38
39,39
40,40
41,41
42,42
43,43
44,44
45,45
46,46
47,47
3,48
49,49
50,50
51,51
52,52
53,53
54,54
55,55
56,56
57,57
58,58
59,59
0,0
1,1
2,2
3,3
4,4
5,5
6,6
7,7
8,8
9,9
10,10
11,11
12,12
13,13
14,14
15,15
16,16
17,17
18,18
19,19
20,20
21,21
22,22
23,23
24,24
25,25
26,26
27,27
28,28
29,29
31,30
31,31
32,32
33,33
34,34
35,35
36,36
37,37
38,38
39,39
40,40
41,41
42,42
43,43
44,44
45,45
3,46
47,47
48,48
49,49
50,50
51,51
52,52
53,53
54,54
55,55
55,56
57,57
58,58
59,59
0,0
1,1
10,2
3,3
4,4
5,5
23,6
2,7
8,8
9,9
11,10
31,11
22,12
13,13
14,14
15,15
3,16
17,17
18,18
19,19
20,20
3,21
48,22
41,23
10,24
25,25
26,26
27,27
12,28
11,29
56,30
0,31
31,32
12,33
34,34
35,35
36,36
37,37
32,38
39,39
40,40
41,41
0,43
44,44
13,45
36,46
47,47
48,48
49,49
50,50
51,51
52,52
53,53
54,54
55,55
56,56
57,57
58,58
59,59
0,0
1,1
2,2
3,3
4,4
5,5
6,6
7,7
8,8
9,9
10,10
11,11
12,12
13,13
14,14
15,15
16,16
17,17
18,18
19,19
20,20
21,21
22,22
23,23
28,24
25,25
26,26
27,27
11,28
11,29
30,30
31,31
32,32
33,33
34,34
35,35
36,36
37,37
38,38
39,39
40,40
41,41
42,42
43,43
44,44
44,45
46,46
47,47
9,48
49,49
50,50
51,51
52,52
53,53
54,54
55,55
56,56
57,57
58,58
59,59
0,0
1,1
46,2
3,3
4,4
5,5
6,6
7,7
8,8
33,9
28,10
11,11
12,12
13,13
14,14
16,15
16,16
17,17
18,18
19,19
20,20
21,21
22,22
23,23
24,24
25,25
26,26
27,27
28,28
29,29
30,30
31,31
32,32
33,33
34,34
35,35
17,36
37,37
38,38
39,39
40,40
41,41
42,42
43,43
44,44
45,45
46,46
47,47
48,48
49,49
50,50
51,51
52,52
53,53
54,54
55,55
56,56
57,57
58,58
59,59
0,0
1,1
2,2
3,3
4,4
5,5
6,6
7,7
8,8
9,9
10,10
10,11
12,12
13,13
14,14
15,15
15,16
17,17
18,18
19,19
20,20
21,21
22,22
23,23
11,24
25,25
26,26
27,27
11,28
11,29
30,30
31,31
32,32
33,33
34,34
35,35
36,36
37,37
38,38
39,39
40,40
41,41
42,42
40,43
44,44
45,45
46,46
47,47
48,48
49,49
50,50
51,51
52,52
53,53
54,54
55,55
52,56
57,57
58,58
59,59
0,0
1,1
43,2
3,3
4,4
16,5
6,6
7,7
8,8
9,9
11,10
28,11
12,12
13,13
14,14
15,15
16,16
17,17
18,18
19,19
20,20
21,21
22,22
23,23
24,24
25,25
26,26
27,27
27,28
29,29
31,30
31,31
32,32
33,33
34,34
35,35
17,36
37,37
38,38
39,39
40,40
41,41
42,42
43,43
44,44
45,45
46,46
47,47
48,48
51,49
50,50
51,51
52,52
53,53
54,54
55,55
56,56
57,57
58,58
59,59
0,0
11,1
2,2
3,3
4,4
5,5
6,6
7,7
8,8
9,9
10,10
11,11
12,12
13,13
14,14
15,15
16,16
17,17
18,18
19,19
20,20
21,21
22,22
23,23
24,24
25,25
26,26
27,27
28,28
29,29
31,30
31,31
32,32
33,33
34,34
35,35
36,36
37,37
38,38
39,39
40,40
41,41
42,42
43,43
44,44
45,45
46,46
47,47
48,48
49,49
50,50
51,51
52,52
53,53
54,54
55,55
56,56
57,57
58,58
59,59
0,0
1,1
46,2
3,3
56,4
16,5
16,6
42,7
8,8
9,9
11,10
11,11
12,12
13,13
14,14
15,15
16,16
17,17
18,18
19,19
20,20
21,21
22,22
23,23
24,24
25,25
26,26
27,27
27,28
11,29
30,30
31,31
32,32
33,33
34,34
35,35
36,36
37,37
38,38
37,39
40,40
41,41
42,42
43,43
44,44
45,45
46,46
47,47
48,48
49,49
50,50
51,51
52,52
53,53
54,54
56,55
56,56
57,57
58,58
59,59
0,0
1,1
2,2
3,3
24,4
5,5
6,6
7,7
8,8
9,9
10,10
29,11
12,12
13,13
14,14
16,15
16,16
17,17
18,18
19,19
20,20
21,21
22,22
23,23
17,24
25,25
26,26
27,27
28,28
29,29
30,30
31,31
32,32
33,33
34,34
35,35
36,36
37,37
38,38
39,39
40,40
41,41
42,42
43,43
44,44
45,45
46,46
47,47
48,48
49,49
50,50
51,51
52,52
53,53
54,54
55,55
56,56
57,57
58,58
59,59
0,0
1,1
2,2
3,3
4,4
34,5
41,6
7,7
8,8
11,9
10,10
11,11
12,12
13,13
14,14
15,15
16,16
17,17
18,18
19,19
20,20
22,21
22,22
23,23
17,24
25,25
26,26
2,27
10,28
29,29
30,30
31,31
32,32
33,33
34,34
35,35
36,36
37,37
38,38
39,39
40,40
41,41
42,42
47,43
44,44
44,45
46,46
47,47
48,48
49,49
50,50
51,51
52,52
53,53
54,54
55,55
56,56
30,57
58,58
59,59
17,0
10,1
0,2
3,3
4,4
5,5
13,6
7,7
8,8
9,9
29,10
10,11
12,12
13,13
14,14
15,15
16,16
17,17
18,18
19,19
20,20
21,21
22,22
23,23
17,24
25,25
26,26
27,27
11,28
29,29
30,30
31,31
32,32
33,33
34,34
35,35
36,36
37,37
38,38
39,39
43,40
41,41
42,42
43,43
44,44
45,45
46,46
47,47
48,48
49,49
50,50
51,51
52,52
53,53
54,54
55,55
56,56
57,57
58,58
59,59
0,0
1,1
2,2
3,3
4,4
34,5
41,6
7,7
8,8
9,9
11,10
11,11
3,12
13,13
14,14
15,15
16,16
17,17
18,18
19,19
20,20
22,21
22,22
23,23
24,24
25,25
26,26
27,27
11,28
11,29
30,30
31,31
32,32
33,33
34,34
35,35
43,36
37,37
38,38
39,39
40,40
41,41
42,42
5,43
46,44
45,45
46,46
47,47
48,48
49,49
50,50
51,51
52,52
53,53
54,54
55,55
56,56
52,57
58,58
59,59
0,0
0,1
2,2
3,3
4,4
5,5
6,6
7,7
8,8
48,9
29,10
29,11
12,12
13,13
14,14
16,15
16,16
17,17
18,18
19,19
20,20
21,21
22,22
23,23
17,24
25,25
26,26
27,27
10,28
29,29
30,30
31,31
31,32
33,33
34,34
35,35
36,36
37,37
38,38
39,39
40,40
41,41
42,42
43,43
44,44
45,45
46,46
47,47
48,48
49,49
50,50
51,51
52,52
52,53
54,54
56,55
56,56
57,57
58,58
59,59
0,0
1,1
2,2
3,3
4,4
5,5
41,6
7,7
8,8
33,9
10,10
29,11
12,12
13,13
14,14
15,15
16,16
17,17
18,18
19,19
20,20
22,21
22,22
23,23
32,24
25,25
26,26
27,27
11,28
29,29
30,30
45,31
32,32
33,33
34,34
35,35
43,36
37,37
38,38
39,39
20,40
41,41
42,42
15,43
15,44
45,45
3,46
47,47
48,48
49,49
50,50
51,51
52,52
53,53
54,54
55,55
56,56
57,57
58,58
59,59
0,0
1,1
2,2
3,3
40,4
5,5
49,6
7,7
26,8
9,9
10,10
11,11
12,12
13,13
14,14
15,15
16,16
17,17
18,18
19,19
20,20
21,21
22,22
23,23
24,24
25,25
26,26
27,27
28,28
29,29
30,30
31,31
32,32
33,33
34,34
35,35
0,36
37,37
38,38
39,39
40,40
41,41
42,42
43,43
44,44
45,45
46,46
47,47
48,48
49,49
50,50
51,51
52,52
53,53
54,54
55,55
56,56
57,57
58,58
59,59
0,0
1,1
0,2
3,3
4,4
5,5
6,6
7,7
8,8
10,9
10,10
11,11
12,12
13,13
14,14
15,15
16,16
17,17
18,18
19,19
20,20
21,21
22,22
23,23
24,24
25,25
26,26
27,27
28,28
29,29
31,30
31,31
32,32
33,33
34,34
35,35
36,36
37,37
38,38
39,39
40,40
41,41
42,42
46,43
44,44
45,45
46,46
47,47
48,48
56,49
50,50
51,51
52,52
53,53
54,54
55,55
56,56
57,57
58,58
59,59
0,0
1,1
2,2
3,3
11,4
5,5
6,6
7,7
26,8
9,9
10,10
29,11
12,12
13,13
14,14
15,15
15,16
17,17
18,18
19,19
20,20
21,21
22,22
23,23
24,24
25,25
26,26
27,27
10,28
29,29
30,30
31,31
32,32
33,33
34,34
35,35
36,36
37,37
39,38
39,39
40,40
41,41
42,42
43,43
44,44
45,45
46,46
47,47
48,48
49,49
50,50
51,51
52,52
53,53
54,54
56,55
56,56
57,57
58,58
59,59
0,0
1,1
2,2
3,3
4,4
5,5
6,6
7,7
8,8
9,9
10,10
11,11
13,12
13,13
14,14
15,15
16,16
17,17
18,18
19,19
20,20
21,21
22,22
23,23
24,24
25,25
26,26
27,27
28,28
29,29
30,30
31,31
32,32
33,33
34,34
35,35
36,36
37,37
38,38
39,39
40,40
41,41
42,42
17,43
44,44
45,45
46,46
47,47
48,48
56,49
50,50
51,51
52,52
53,53
54,54
55,55
56,56
57,57
58,58
59,59
0,0
1,1
2,2
3,3
16,4
5,5
6,6
7,7
21,8
9,9
10,10
11,11
12,12
13,13
14,14
15,15
16,16
17,17
18,18
19,19
20,20
21,21
22,22
23,23
24,24
25,25
26,26
27,27
28,28
29,29
30,30
31,31
32,32
33,33
34,34
35,35
36,36
37,37
38,38
39,39
40,40
41,41
42,42
43,43
44,44
45,45
46,46
47,47
48,48
49,49
50,50
51,51
52,52
53,53
54,54
55,55
56,56
57,57
58,58
59,59
0,0
1,1
2,2
19,3
4,4
47,5
6,6
7,7
8,8
33,9
10,10
11,11
12,12
13,13
14,14
3,15
16,16
17,17
18,18
19,19
20,20
21,21
22,22
23,23
24,24
25,25
26,26
27,27
11,28
28,29
30,30
31,31
32,32
33,33
34,34
35,35
36,36
37,37
39,38
39,39
40,40
41,41
42,42
43,43
44,44
45,45
46,46
47,47
48,48
49,49
50,50
51,51
52,52
53,53
54,54
55,55
56,56
57,57
58,58
59,59
0,0
1,1
2,2
3,3
4,4
34,5
6,6
7,7
8,8
33,9
28,10
11,11
12,12
13,13
14,14
15,15
16,16
17,17
18,18
19,19
20,20
33,21
22,22
23,23
24,24
25,25
26,26
27,27
28,28
29,29
57,30
31,31
32,32
33,33
34,34
35,35
36,36
37,37
38,38
39,39
40,40
41,41
42,42
43,43
44,44
45,45
46,46
47,47
48,48
49,49
50,50
51,51
52,52
53,53
54,54
55,55
56,56
57,57
58,58
59,59
0,0
1,1
2,2
3,3
4,4
34,5
6,6
7,7
8,8
9,9
10,10
11,11
12,12
13,13
14,14
16,15
16,16
17,17
18,18
19,19
20,20
48,21
22,22
23,23
24,24
25,25
26,26
27,27
29,28
29,29
31,30
30,31
32,32
33,33
34,34
35,35
36,36
37,37
38,38
39,39
40,40
41,41
42,42
43,43
44,44
45,45
46,46
47,47
48,48
49,49
50,50
51,51
52,52
53,53
54,54
55,55
56,56
57,57
58,58
59,59
0,0
1,1
2,2
3,3
27,4
5,5
6,6
7,7
8,8
33,9
10,10
11,11
12,12
13,13
14,14
15,15
16,16
17,17
18,18
19,19
20,20
48,21
22,22
23,23
24,24
25,25
26,26
27,27
28,28
29,29
52,30
31,31
32,32
33,33
34,34
35,35
43,36
37,37
38,38
39,39
40,40
41,41
42,42
43,43
44,44
45,45
46,46
47,47
48,48
49,49
50,50
51,51
54,52
53,53
54,54
55,55
54,56
57,57
58,58
59,59
0,0
1,1
2,2
3,3
4,4
16,5
6,6
7,7
8,8
9,9
10,10
28,11
12,12
13,13
14,14
16,15
16,16
17,17
18,18
19,19
20,20
9,21
22,22
23,23
24,24
25,25
26,26
27,27
29,28
29,29
30,30
31,31
32,32
33,33
34,34
35,35
36,36
37,37
38,38
39,39
40,40
41,41
42,42
43,43
44,44
45,45
46,46
40,47
48,48
49,49
50,50
51,51
52,52
53,53
54,54
55,55
56,56
57,57
58,58
59,59
0,0
1,1
2,2
3,3
4,4
34,5
6,6
7,7
8,8
9,9
28,10
11,11
12,12
13,13
14,14
15,15
16,16
17,17
18,18
19,19
20,20
9,21
22,22
23,23
24,24
25,25
26,26
27,27
33,28
29,29
4,30
31,31
32,32
33,33
34,34
35,35
36,36
37,37
38,38
39,39
40,40
41,41
42,42
43,43
44,44
45,45
46,46
47,47
48,48
49,49
50,50
51,51
52,52
53,53
54,54
55,55
56,56
57,57
58,58
59,59
0,0
56,1
2,2
3,3
4,4
34,5
13,6
7,7
8,8
9,9
10,10
11,11
12,12
13,13
14,14
16,15
16,16
17,17
18,18
19,19
20,20
9,21
22,22
41,23
24,24
25,25
26,26
27,27
11,28
29,29
30,30
10,31
32,32
33,33
34,34
35,35
46,36
37,37
17,38
39,39
40,40
41,41
42,42
43,43
44,44
45,45
46,46
47,47
48,48
49,49
50,50
51,51
52,52
53,53
54,54
55,55
56,56
57,57
59,59
0,0
1,1
2,2
3,3
4,4
5,5
6,6
7,7
8,8
9,9
10,10
11,11
12,12
13,13
14,14
15,15
16,16
17,17
18,18
19,19
20,20
21,21
22,22
23,23
24,24
25,25
26,26
27,27
28,28
29,29
30,30
31,31
32,32
33,33
34,34
35,35
36,36
37,37
38,38
39,39
40,40
41,41
42,42
43,43
44,44
44,45
17,46
47,47
48,48
49,49
50,50
51,51
52,52
53,53
54,54
55,55
56,56
57,57
58,58
59,59
0,0
29,1
2,2
3,3
4,4
5,5
6,6
7,7
8,8
9,9
33,10
11,11
12,12
13,13
14,14
15,15
16,16
43,17
18,18
19,19
20,20
9,21
22,22
15,23
24,24
25,25
26,26
27,27
28,28
29,29
31,30
31,31
32,32
33,33
34,34
35,35
43,36
32,37
38,38
39,39
40,40
41,41
42,42
0,43
44,44
45,45
46,46
47,47
48,48
49,49
50,50
51,51
52,52
53,53
54,54
55,55
56,56
57,57
58,58
59,59
0,0
1,1
2,2
13,3
4,4
5,5
6,6
7,7
8,8
9,9
10,10
11,11
12,12
13,13
14,14
15,15
16,16
17,17
40,18
19,19
20,20
21,21
22,22
23,23
24,24
25,25
26,26
27,27
12,28
29,29
30,30
31,31
32,32
33,33
34,34
35,35
36,36
37,37
38,38
39,39
40,40
41,41
42,42
3,43
44,44
15,45
46,46
40,47
36,48
49,49
50,50
51,51
52,52
53,53
54,54
55,55
56,56
57,57
59,59
0,0
1,1
2,2
3,3
4,4
5,5
6,6
7,7
8,8
22,9
10,10
10,11
12,12
13,13
14,14
15,15
16,16
43,17
18,18
19,19
20,20
22,21
22,22
23,23
24,24
25,25
26,26
27,27
28,28
29,29
0,30
31,31
32,32
9,33
34,34
35,35
36,36
37,37
38,38
39,39
40,40
41,41
42,42
43,43
44,44
45,45
46,46
47,47
48,48
49,49
50,50
51,51
52,52
53,53
54,54
55,55
56,56
57,57
58,58
59,59
0,0
1,1
2,2
3,3
4,4
5,5
6,6
7,7
8,8
33,9
10,10
11,11
12,12
13,13
14,14
15,15
16,16
17,17
18,18
19,19
20,20
21,21
22,22
23,23
24,24
25,25
26,26
27,27
12,28
11,29
30,30
31,31
32,32
33,33
34,34
35,35
3,36
37,37
38,38
39,39
40,40
41,41
42,42
1,43
45,44
45,45
46,46
16,47
33,48
49,49
50,50
51,51
53,52
53,53
54,54
55,55
56,56
57,57
58,58
59,59
0,0
11,1
0,2
3,3
4,4
5,5
6,6
7,7
8,8
9,9
11,10
11,11
14,12
13,13
14,14
15,15
28,16
2,17
18,18
19,19
20,20
21,21
22,22
23,23
24,24
25,25
26,26
27,27
28,28
29,29
30,30
22,31
32,32
33,33
34,34
35,35
36,36
32,37
17,38
39,39
40,40
41,41
42,42
0,43
44,44
45,45
46,46
47,47
48,48
49,49
50,50
51,51
52,52
53,53
54,54
55,55
56,56
57,57
58,58
59,59
0,0
1,1
3,2
3,3
4,4
5,5
6,6
7,7
8,8
32,9
28,10
11,11
12,12
13,13
14,14
15,15
16,16
17,17
18,18
19,19
20,20
21,21
22,22
23,23
24,24
25,25
26,26
27,27
28,28
29,29
30,30
31,31
32,32
33,33
34,34
35,35
36,36
37,37
38,38
39,39
40,40
41,41
42,42
43,43
44,44
45,45
46,46
47,47
48,48
49,49
50,50
51,51
52,52
53,53
54,54
55,55
56,56
57,57
58,58
59,59
0,0
1,1
2,2
3,3
4,4
5,5
6,6
56,7
8,8
9,9
11,10
29,11
12,12
13,13
14,14
15,15
16,16
17,17
18,18
19,19
20,20
21,21
22,22
23,23
24,24
25,25
26,26
27,27
28,28
11,29
30,30
31,31
32,32
33,33
34,34
35,35
3,36
37,37
38,38
39,39
40,40
41,41
42,42
43,43
44,44
45,45
46,46
47,47
48,48
49,49
50,50
51,51
52,52
53,53
54,54
55,55
56,56
57,57
58,58
59,59
0,0
1,1
3,2
3,3
4,4
5,5
6,6
7,7
8,8
33,9
28,10
11,11
12,12
13,13
14,14
15,15
16,16
17,17
18,18
19,19
20,20
21,21
22,22
23,23
24,24
25,25
26,26
27,27
10,28
11,29
30,30
31,31
32,32
33,33
34,34
35,35
36,36
37,37
38,38
39,39
40,40
41,41
42,42
43,43
44,44
45,45
46,46
47,47
48,48
49,49
50,50
51,51
52,52
57,53
54,54
55,55
56,56
57,57
58,58
59,59
0,0
1,1
2,2
3,3
4,4
5,5
6,6
7,7
8,8
28,9
28,10
11,11
12,12
13,13
14,14
15,15
16,16
17,17
18,18
19,19
20,20
9,21
22,22
23,23
24,24
25,25
26,26
27,27
28,28
29,29
30,30
31,31
32,32
33,33
34,34
35,35
36,36
37,37
38,38
39,39
40,40
41,41
42,42
43,43
44,44
45,45
46,46
47,47
48,48
49,49
50,50
51,51
53,52
53,53
54,54
55,55
56,56
57,57
58,58
59,59
0,0
1,1
2,2
3,3
16,4
34,5
41,6
7,7
8,8
9,9
29,10
11,11
12,12
13,13
14,14
15,15
16,16
17,17
18,18
19,19
20,20
21,21
22,22
23,23
24,24
25,25
26,26
27,27
12,28
11,29
31,30
31,31
37,32
33,33
34,34
35,35
36,36
37,37
38,38
39,39
40,40
41,41
42,42
43,43
44,44
45,45
46,46
47,47
48,48
50,49
50,50
51,51
53,52
57,53
54,54
55,55
56,56
57,57
58,58
59,59
4,0
1,1
30,2
11,3
4,4
5,5
31,6
7,7
8,8
9,9
28,10
11,11
12,12
13,13
14,14
15,15
16,16
17,17
18,18
19,19
20,20
21,21
22,22
23,23
24,24
25,25
26,26
27,27
28,28
11,29
30,30
31,31
37,32
33,33
34,34
35,35
36,36
37,37
38,38
39,39
40,40
41,41
42,42
43,43
44,44
45,45
46,46
47,47
48,48
49,49
50,50
51,51
52,52
53,53
54,54
55,55
56,56
57,57
58,58
59,59
0,0
1,1
2,2
3,3
4,4
5,5
6,6
7,7
8,8
9,9
10,10
11,11
12,12
13,13
14,14
15,15
16,16
17,17
18,18
19,19
20,20
21,21
22,22
23,23
24,24
25,25
26,26
27,27
12,28
29,29
31,30
31,31
32,32
33,33
34,34
35,35
43,36
37,37
38,38
39,39
40,40
41,41
42,42
2,43
44,44
45,45
46,46
47,47
48,48
49,49
50,50
51,51
52,52
57,53
54,54
55,55
56,56
57,57
58,58
59,59
0,0
1,1
2,2
3,3
4,4
5,5
6,6
7,7
8,8
9,9
28,10
11,11
12,12
13,13
14,14
41,15
16,16
17,17
18,18
19,19
20,20
21,21
22,22
23,23
24,24
25,25
26,26
27,27
10,28
28,29
30,30
31,31
32,32
33,33
34,34
35,35
36,36
37,37
38,38
39,39
40,40
41,41
42,42
43,43
44,44
45,45
46,46
47,47
48,48
49,49
50,50
51,51
53,52
57,53
54,54
55,55
56,56
57,57
58,58
59,59
0,0
1,1
2,2
43,3
4,4
5,5
13,6
7,7
8,8
9,9
10,10
11,11
13,13
14,14
15,15
23,16
17,17
18,18
19,19
20,20
21,21
22,22
23,23
24,24
25,25
26,26
27,27
12,28
29,29
31,30
31,31
32,32
33,33
34,34
35,35
36,36
37,37
38,38
39,39
40,40
41,41
42,42
43,43
44,44
45,45
46,46
47,47
48,48
49,49
50,50
51,51
52,52
53,53
54,54
56,55
51,56
57,57
58,58
59,59
0,0
1,1
2,2
3,3
4,4
5,5
6,6
7,7
8,8
9,9
10,10
11,11
12,12
13,13
14,14
16,15
16,16
17,17
40,18
19,19
20,20
21,21
22,22
23,23
24,24
25,25
26,26
27,27
10,28
29,29
30,30
31,31
32,32
33,33
34,34
35,35
2,36
37,37
38,38
39,39
40,40
41,41
42,42
43,43
44,44
45,45
46,46
47,47
48,48
49,49
50,50
51,51
53,52
53,53
54,54
55,55
50,56
57,57
58,58
59,59
0,0
1,1
2,2
3,3
4,4
5,5
13,6
7,7
8,8
9,9
10,10
11,11
12,12
13,13
14,14
15,15
16,16
17,17
18,18
19,19
20,20
21,21
22,22
23,23
24,24
25,25
26,26
27,27
12,28
11,29
31,30
31,31
32,32
33,33
34,34
35,35
36,36
37,37
38,38
39,39
40,40
41,41
42,42
43,43
44,44
45,45
46,46
47,47
48,48
49,49
50,50
51,51
52,52
57,53
54,54
55,55
50,56
57,57
58,58
59,59
0,0
11,1
2,2
3,3
4,4
5,5
6,6
7,7
8,8
9,9
28,10
11,11
13,13
14,14
41,15
16,16
17,17
18,18
19,19
20,20
21,21
22,22
23,23
24,24
25,25
26,26
27,27
28,28
28,29
30,30
31,31
32,32
33,33
34,34
35,35
2,36
31,37
38,38
39,39
17,40
41,41
42,42
0,43
44,44
45,45
46,46
47,47
48,48
49,49
50,50
51,51
52,52
53,53
54,54
55,55
50,56
57,57
58,58
59,59
0,0
1,1
2,2
3,3
4,4
5,5
6,6
7,7
8,8
9,9
29,10
29,11
12,12
13,13
14,14
15,15
16,16
17,17
18,18
19,19
20,20
21,21
22,22
23,23
24,24
23,25
26,26
27,27
28,28
29,29
30,30
31,31
32,32
33,33
34,34
35,35
3,36
37,37
38,38
31,39
40,40
41,41
16,42
43,43
44,44
45,45
46,46
40,47
48,48
49,49
50,50
51,51
52,52
53,53
54,54
55,55
56,56
57,57
58,58
59,59
1,0
1,1
2,2
3,3
4,4
5,5
6,6
7,7
8,8
9,9
28,10
11,11
28,12
13,13
14,14
15,15
16,16
17,17
18,18
19,19
20,20
21,21
22,22
23,23
24,24
25,25
26,26
27,27
28,28
29,29
30,30
31,31
32,32
33,33
34,34
35,35
36,36
37,37
38,38
39,39
40,40
41,41
41,42
43,43
44,44
45,45
46,46
40,47
48,48
49,49
50,50
51,51
52,52
53,53
54,54
55,55
56,56
57,57
58,58
59,59
0,0
18,1
2,2
3,3
4,4
5,5
48,6
7,7
8,8
33,9
11,10
11,11
12,12
13,13
14,14
15,15
16,16
17,17
18,18
19,19
20,20
21,21
22,22
23,23
1,24
23,25
26,26
27,27
29,28
29,29
30,30
31,31
1,32
33,33
34,34
35,35
36,36
37,37
38,38
31,39
40,40
41,41
15,42
43,43
15,44
45,45
0,46
40,47
48,48
49,49
50,50
51,51
52,52
53,53
54,54
55,55
56,56
57,57
58,58
59,59
0,0
1,1
2,2
3,3
4,4
5,5
6,6
7,7
8,8
9,9
28,10
28,11
12,12
13,13
14,14
15,15
16,16
17,17
18,18
19,19
20,20
21,21
22,22
23,23
24,24
25,25
26,26
27,27
28,28
11,29
30,30
31,31
32,32
33,33
34,34
35,35
36,36
37,37
38,38
39,39
40,40
41,41
42,42
43,43
44,44
45,45
46,46
40,47
48,48
30,49
50,50
51,51
52,52
53,53
54,54
55,55
56,56
57,57
58,58
59,59
0,0
1,1
2,2
3,3
4,4
5,5
22,6
7,7
8,8
9,9
11,10
2,11
12,12
13,13
14,14
15,15
16,16
17,17
18,18
19,19
20,20
21,21
22,22
23,23
12,24
23,25
26,26
27,27
28,28
28,29
30,30
31,31
32,32
33,33
34,34
35,35
36,36
37,37
38,38
31,39
40,40
41,41
42,42
43,43
45,44
45,45
46,46
47,47
48,48
49,49
50,50
51,51
52,52
53,53
54,54
55,55
56,56
57,57
58,58
59,59
0,0
18,1
2,2
3,3
24,4
5,5
6,6
7,7
8,8
28,10
11,11
12,12
13,13
14,14
15,15
16,16
17,17
37,18
19,19
20,20
21,21
48,22
23,23
24,24
25,25
26,26
27,27
28,28
28,29
30,30
31,31
32,32
33,33
34,34
35,35
36,36
37,37
38,38
39,39
40,40
41,41
41,42
43,43
44,44
44,45
46,46
40,47
48,48
49,49
49,50
49,51
52,52
53,53
54,54
55,55
56,56
57,57
58,58
59,59
0,0
38,1
2,2
3,3
4,4
5,5
6,6
7,7
8,8
9,9
10,10
11,11
12,12
13,13
14,14
15,15
16,16
17,17
18,18
19,19
20,20
21,21
22,22
23,23
24,24
25,25
26,26
27,27
28,28
29,29
30,30
31,31
32,32
33,33
34,34
35,35
36,36
37,37
38,38
39,39
17,40
41,41
42,42
2,43
44,44
45,45
46,46
47,47
22,48
49,49
50,50
51,51
53,52
53,53
54,54
55,55
56,56
57,57
58,58
59,59
0,0
27,1
2,2
3,3
4,4
5,5
6,6
7,7
8,8
9,9
11,10
29,11
12,12
13,13
14,14
15,15
16,16
17,17
18,18
19,19
20,20
21,21
22,22
23,23
24,24
25,25
26,26
27,27
28,28
29,29
30,30
31,31
32,32
33,33
34,34
35,35
36,36
37,37
53,38
39,39
40,40
41,41
42,42
43,43
44,44
45,45
46,46
47,47
22,48
49,49
50,50
51,51
52,52
53,53
54,54
55,55
56,56
57,57
58,58
59,59
0,0
1,1
2,2
3,3
4,4
5,5
6,6
7,7
8,8
48,9
10,10
11,11
12,12
13,13
14,14
17,17
18,18
19,19
20,20
21,21
22,22
23,23
24,24
25,25
26,26
27,27
28,28
11,29
30,30
31,31
32,32
33,33
34,34
35,35
36,36
37,37
28,38
39,39
1,40
41,41
42,42
2,43
10,44
3,45
3,46
51,49
51,50
51,51
27,52
35,53
42,54
55,55
56,56
57,57
58,58
59,59
0,0
2,1
2,2
3,3
4,4
5,5
6,6
7,7
8,8
9,9
10,10
11,11
12,12
13,13
14,14
15,15
16,16
17,17
18,18
19,19
20,20
21,21
22,22
23,23
24,24
25,25
26,26
27,27
28,28
29,29
30,30
31,31
32,32
33,33
34,34
35,35
36,36
37,37
53,38
39,39
40,40
41,41
42,42
43,43
44,44
45,45
46,46
47,47
22,48
56,49
50,50
49,51
53,52
52,53
54,54
55,55
56,56
57,57
58,58
59,59
0,0
1,1
2,2
3,3
4,4
5,5
6,6
7,7
8,8
9,9
10,10
11,11
12,12
13,13
14,14
15,15
16,16
17,17
18,18
19,19
20,20
21,21
22,22
23,23
24,24
25,25
26,26
27,27
28,28
29,29
30,30
31,31
32,32
33,33
34,34
35,35
36,36
37,37
38,38
39,39
1,40
41,41
42,42
2,43
24,44
45,45
46,46
44,47
48,48
49,49
50,50
51,51
52,52
53,53
54,54
55,55
56,56
57,57
58,58
59,59
0,0
27,1
17,2
3,3
4,4
5,5
6,6
7,7
8,8
9,9
10,10
29,11
12,12
13,13
14,14
15,15
15,16
17,17
18,18
19,19
20,20
21,21
22,22
23,23
24,24
41,25
26,26
27,27
28,28
11,29
30,30
31,31
32,32
33,33
34,34
35,35
36,36
37,37
53,38
39,39
45,40
41,41
42,42
4,43
40,44
2,45
35,46
47,47
4,48
49,49
50,50
51,51
53,52
53,53
54,54
55,55
56,56
47,57
58,58
59,59
0,0
10,1
10,2
10,3
4,4
5,5
6,6
7,7
8,8
12,9
10,10
10,11
12,12
13,13
14,14
15,15
16,16
17,17
18,18
19,19
20,20
22,21
48,22
23,23
29,24
25,25
26,26
46,27
28,28
10,29
31,30
31,31
27,32
9,33
34,34
35,35
3,36
37,37
32,38
39,39
11,40
41,41
42,42
36,43
44,44
46,45
43,46
47,47
48,48
54,49
50,50
51,51
56,52
55,53
54,54
55,55
56,56
57,57
59,58
59,59
12,0
10,1
10,2
29,3
11,4
15,5
13,6
7,7
8,8
31,9
29,10
11,11
10,12
13,13
14,14
15,15
16,16
17,17
18,18
19,19
20,20
21,21
22,22
23,23
24,24
25,25
26,26
27,27
28,28
29,29
30,30
31,31
32,32
33,33
34,34
35,35
36,36
37,37
38,38
39,39
36,40
41,41
42,42
43,43
44,44
45,45
46,46
47,47
48,48
49,49
50,50
51,51
52,52
49,53
54,54
55,55
56,56
57,57
58,58
59,59
12,0
15,1
10,2
11,3
4,4
5,5
6,6
7,7
16,8
28,9
11,10
11,11
10,12
13,13
14,14
15,15
16,16
17,17
18,18
19,19
20,20
21,21
21,22
15,23
24,24
25,25
26,26
27,27
28,28
11,29
10,30
31,31
32,32
9,33
34,34
35,35
48,36
48,37
29,38
9,39
48,40
41,41
42,42
36,43
44,44
45,45
36,46
47,47
48,48
49,49
50,50
51,51
56,52
57,53
54,54
55,55
56,56
57,57
58,58
59,59
10,0
10,1
2,2
48,3
10,4
5,5
13,6
7,7
8,8
31,9
10,10
10,11
10,12
13,13
14,14
15,15
16,16
17,17
18,18
19,19
20,20
21,21
22,22
23,23
24,24
25,25
26,26
27,27
28,28
30,30
31,31
32,32
33,33
34,34
35,35
36,36
37,37
38,38
39,39
36,40
41,41
42,42
43,43
44,44
45,45
46,46
47,47
48,48
49,49
50,50
49,51
56,52
49,53
54,54
55,55
56,56
57,57
58,58
59,59
2,0
10,1
11,2
9,3
4,4
5,5
6,6
7,7
8,8
9,9
11,10
10,11
10,12
13,13
14,14
15,15
16,16
17,17
36,18
19,19
20,20
22,21
48,22
23,23
10,24
25,25
26,26
10,27
11,28
36,29
31,30
31,31
32,32
9,33
34,34
35,35
36,36
37,37
9,38
39,39
38,40
41,41
42,42
11,43
44,44
45,45
46,46
47,47
48,48
49,49
50,50
55,51
55,52
49,53
54,54
55,55
56,56
57,57
58,58
59,59
27,0
0,1
2,2
11,3
10,4
5,5
7,7
8,8
12,9
29,11
10,12
13,13
14,14
16,15
16,16
17,17
18,18
19,19
20,20
21,21
22,22
23,23
24,24
25,25
26,26
27,27
28,28
29,29
30,30
31,31
32,32
33,33
34,34
35,35
36,36
37,37
38,38
39,39
36,40
41,41
42,42
43,43
46,44
45,45
46,46
47,47
48,48
49,49
50,50
49,51
52,52
49,53
54,54
55,55
56,56
57,57
58,58
59,59
0,0
1,1
0,2
3,3
4,4
5,5
6,6
7,7
8,8
32,9
10,10
28,11
12,12
13,13
14,14
15,15
16,16
17,17
18,18
19,19
20,20
21,21
22,22
23,23
24,24
25,25
26,26
27,27
28,28
29,29
30,30
31,31
32,32
33,33
34,34
35,35
36,36
37,37
38,38
39,39
40,40
41,41
42,42
43,43
15,44
45,45
46,46
47,47
48,48
49,49
50,50
51,51
55,52
53,53
54,54
55,55
56,56
57,57
58,58
59,59
0,0
0,1
2,2
3,3
4,4
5,5
6,6
7,7
8,8
38,9
10,10
10,11
12,12
13,13
14,14
15,15
16,16
17,17
18,18
19,19
20,20
21,21
22,22
23,23
24,24
25,25
26,26
27,27
11,28
29,29
30,30
31,31
32,32
33,33
34,34
35,35
36,36
37,37
38,38
39,39
40,40
41,41
42,42
43,43
47,44
45,45
46,46
47,47
48,48
49,49
50,50
51,51
55,52
53,53
54,54
55,55
56,56
57,57
58,58
59,59
0,0
1,1
11,2
3,3
4,4
5,5
6,6
7,7
8,8
17,9
10,10
11,11
12,12
13,13
14,14
15,15
16,16
17,17
18,18
19,19
20,20
21,21
22,22
23,23
24,24
25,25
26,26
27,27
28,28
29,29
30,30
31,31
31,32
33,33
34,34
35,35
36,36
37,37
38,38
39,39
40,40
41,41
42,42
43,43
44,44
45,45
46,46
47,47
48,48
49,49
50,50
51,51
55,52
53,53
54,54
55,55
56,56
57,57
41,58
59,59
0,0
0,1
2,2
3,3
4,4
5,5
6,6
7,7
8,8
9,9
10,10
10,11
12,12
13,13
14,14
15,15
16,16
17,17
18,18
19,19
20,20
21,21
22,22
23,23
24,24
25,25
26,26
27,27
28,28
29,29
46,30
31,31
32,32
33,33
34,34
35,35
36,36
37,37
38,38
39,39
40,40
41,41
42,42
43,43
44,44
45,45
46,46
47,47
48,48
49,49
50,50
51,51
52,52
53,53
54,54
55,55
56,56
57,57
58,58
59,59
0,0
1,1
2,2
3,3
4,4
5,5
6,6
7,7
8,8
11,9
10,10
11,11
12,12
13,13
14,14
15,15
16,16
17,17
18,18
19,19
20,20
21,21
22,22
23,23
24,24
25,25
26,26
27,27
28,28
28,29
30,30
31,31
32,32
33,33
34,34
35,35
36,36
37,37
38,38
39,39
40,40
41,41
42,42
43,43
44,44
45,45
46,46
47,47
48,48
49,49
50,50
51,51
52,52
53,53
54,54
55,55
56,56
57,57
58,58
59,59
0,0
0,1
2,2
3,3
4,4
5,5
6,6
7,7
8,8
36,9
10,10
11,11
12,12
13,13
14,14
15,15
16,16
17,17
18,18
19,19
20,20
21,21
22,22
23,23
24,24
25,25
26,26
27,27
11,28
28,29
37,30
31,31
32,32
33,33
34,34
35,35
43,36
37,37
38,38
39,39
40,40
41,41
42,42
37,43
44,44
24,45
36,46
47,47
48,48
49,49
50,50
51,51
52,52
48,53
54,54
55,55
56,56
57,57
58,58
59,59
0,0
1,1
43,2
3,3
16,4
5,5
37,6
7,7
8,8
9,9
10,10
11,11
12,12
13,13
14,14
15,15
16,16
17,17
18,18
19,19
20,20
21,21
22,22
23,23
24,24
25,25
26,26
1,27
28,28
28,29
22,30
0,31
32,32
33,33
34,34
35,35
36,36
37,37
38,38
39,39
40,40
41,41
15,42
43,43
44,44
45,45
43,46
47,47
48,48
49,49
50,50
51,51
52,52
53,53
54,54
55,55
56,56
55,57
58,58
59,59
24,0
17,1
2,2
3,3
34,4
5,5
6,6
7,7
8,8
9,9
10,10
28,11
12,12
13,13
14,14
15,15
16,16
17,17
18,18
19,19
20,20
21,21
22,22
23,23
24,24
25,25
26,26
27,27
11,28
29,29
31,30
0,31
32,32
33,33
34,34
35,35
43,36
37,37
43,38
39,39
40,40
41,41
16,42
37,43
44,44
45,45
46,46
47,47
48,48
49,49
50,50
51,51
53,52
52,53
54,54
55,55
56,56
57,57
58,58
59,59
0,0
1,1
16,4
5,5
37,6
7,7
8,8
11,9
11,10
12,12
13,13
14,14
16,15
16,16
29,17
29,18
21,21
22,22
23,23
24,24
25,25
26,26
27,27
28,28
28,29
30,30
31,31
32,32
9,33
34,34
36,36
37,37
38,38
39,39
40,40
41,41
15,42
43,43
44,44
45,45
46,46
47,47
48,48
49,49
50,50
51,51
52,52
53,53
54,54
55,55
56,56
57,57
58,58
59,59
24,0
17,1
2,2
3,3
24,4
5,5
6,6
7,7
8,8
9,9
11,10
11,11
12,12
13,13
14,14
5,15
16,16
17,17
18,18
19,19
20,20
21,21
22,22
23,23
24,24
25,25
26,26
27,27
28,28
11,29
31,30
0,31
32,32
38,33
34,34
35,35
36,36
37,37
38,38
39,39
40,40
41,41
16,42
37,43
44,44
45,45
46,46
47,47
48,48
49,49
50,50
51,51
52,52
53,53
54,54
57,55
56,56
57,57
58,58
59,59
0,0
1,1
2,2
3,3
4,4
5,5
37,6
7,7
8,8
9,9
10,10
11,11
12,12
13,13
14,14
15,15
16,16
17,17
18,18
19,19
20,20
21,21
22,22
23,23
24,24
25,25
26,26
1,27
28,28
29,29
22,30
0,31
32,32
28,33
34,34
35,35
36,36
37,37
38,38
39,39
40,40
41,41
42,42
43,43
44,44
45,45
46,46
47,47
48,48
49,49
50,50
51,51
52,52
53,53
54,54
55,55
56,56
55,57
58,58
59,59
24,0
17,1
2,2
3,3
24,4
5,5
37,6
7,7
8,8
43,9
10,10
11,11
12,12
13,13
14,14
5,15
16,16
17,17
18,18
3,19
20,20
21,21
22,22
23,23
24,24
25,25
26,26
27,27
28,28
28,29
30,30
28,31
39,32
9,33
34,34
35,35
43,36
37,37
43,38
39,39
38,40
41,41
16,42
43,43
44,44
45,45
43,46
47,47
3,48
49,49
50,50
51,51
52,52
53,53
54,54
56,55
56,56
57,57
58,58
59,59
0,0
1,1
2,2
3,3
4,4
5,5
6,6
7,7
8,8
9,9
10,10
11,11
12,12
13,13
14,14
5,15
16,16
17,17
18,18
19,19
20,20
21,21
22,22
23,23
24,24
25,25
26,26
27,27
11,28
29,29
30,30
0,31
39,32
33,33
34,34
35,35
36,36
37,37
38,38
38,39
47,40
41,41
42,42
43,43
44,44
45,45
43,46
47,47
48,48
49,49
50,50
51,51
52,52
53,53
54,54
55,55
56,56
57,57
58,58
59,59
28,0
28,1
2,2
3,3
4,4
5,5
37,6
7,7
8,8
9,9
10,10
11,11
29,12
13,13
14,14
15,15
16,16
17,17
18,18
19,19
20,20
21,21
22,22
23,23
24,24
25,25
26,26
27,27
28,28
29,29
30,30
31,31
32,32
33,33
34,34
35,35
36,36
37,37
38,38
39,39
40,40
41,41
42,42
32,43
44,44
16,45
46,46
47,47
48,48
49,49
50,50
51,51
52,52
53,53
54,54
55,55
56,56
57,57
58,58
59,59
32,0
32,1
31,2
3,3
50,4
5,5
6,6
7,7
8,8
9,9
29,10
11,11
29,12
13,13
14,14
15,15
15,16
17,17
18,18
19,19
20,20
21,21
33,22
23,23
24,24
25,25
26,26
27,27
11,28
11,29
30,30
31,31
39,32
33,33
34,34
35,35
36,36
37,37
38,38
39,39
40,40
41,41
42,42
43,43
44,44
45,45
46,46
47,47
48,48
49,49
50,50
51,51
52,52
53,53
54,54
55,55
56,56
57,57
58,58
59,59
28,0
1,1
2,2
3,3
4,4
5,5
37,6
7,7
8,8
9,9
10,10
11,11
12,12
13,13
14,14
16,15
16,16
17,17
18,18
19,19
20,20
21,21
22,22
23,23
24,24
25,25
26,26
27,27
28,28
29,29
30,30
31,31
32,32
33,33
34,34
35,35
36,36
37,37
38,38
38,39
40,40
41,41
42,42
32,43
44,44
45,45
46,46
47,47
48,48
49,49
50,50
51,51
52,52
53,53
54,54
55,55
56,56
57,57
58,58
59,59
0,0
1,1
2,2
3,3
4,4
5,5
6,6
7,7
8,8
9,9
10,10
11,11
28,12
13,13
14,14
16,15
34,16
17,17
18,18
19,19
20,20
21,21
22,22
23,23
24,24
25,25
26,26
27,27
29,28
29,29
30,30
28,31
39,32
33,33
34,34
35,35
36,36
37,37
38,38
38,39
47,40
41,41
42,42
43,43
44,44
45,45
43,46
47,47
48,48
49,49
50,50
51,51
52,52
53,53
54,54
54,55
56,56
57,57
59,59
43,0
1,1
2,2
3,3
4,4
5,5
20,6
7,7
8,8
38,9
11,10
29,11
10,12
13,13
14,14
16,15
16,16
17,17
18,18
19,19
20,20
21,21
22,22
23,23
2,24
25,25
26,26
27,27
28,28
11,29
30,30
31,31
32,32
33,33
34,34
35,35
36,36
37,37
38,38
39,39
40,40
41,41
42,42
43,43
44,44
45,45
35,46
47,47
48,48
49,49
50,50
50,51
52,52
49,53
54,54
55,55
56,56
57,57
58,58
59,59
43,0
2,1
2,2
3,3
4,4
5,5
6,6
7,7
8,8
9,9
29,10
28,11
12,12
13,13
14,14
15,15
16,16
17,17
18,18
19,19
20,20
21,21
22,22
23,23
24,24
25,25
26,26
27,27
2,28
29,29
30,30
31,31
39,32
33,33
34,34
35,35
36,36
37,37
38,38
39,39
40,40
41,41
42,42
43,43
44,44
45,45
46,46
47,47
48,48
49,49
50,50
51,51
52,52
53,53
54,54
55,55
56,56
57,57
58,58
59,59
0,0
1,1
40,2
3,3
4,4
5,5
6,6
7,7
8,8
9,9
11,10
11,11
12,12
13,13
14,14
15,15
16,16
3,17
20,18
19,19
20,20
21,21
22,22
23,23
24,24
25,25
26,26
27,27
28,28
11,29
30,30
27,31
32,32
33,33
34,34
35,35
36,36
37,37
39,38
39,39
40,40
41,41
42,42
43,43
44,44
45,45
46,46
47,47
48,48
49,49
50,50
51,51
52,52
53,53
54,54
55,55
43,56
57,57
58,58
59,59
2,0
2,1
2,2
3,3
4,4
5,5
6,6
7,7
8,8
9,9
11,10
11,11
12,12
13,13
14,14
16,15
16,16
17,17
18,18
19,19
20,20
21,21
22,22
23,23
24,24
25,25
26,26
43,27
28,28
29,29
30,30
31,31
39,32
33,33
34,34
35,35
36,36
37,37
38,38
39,39
40,40
41,41
42,42
43,43
44,44
45,45
46,46
47,47
48,48
49,49
50,50
51,51
52,52
53,53
54,54
55,55
56,56
57,57
58,58
59,59
0,0
1,1
11,2
3,3
4,4
5,5
6,6
7,7
8,8
9,9
28,10
11,11
12,12
13,13
14,14
15,15
16,16
3,17
18,18
19,19
20,20
21,21
22,22
23,23
24,24
25,25
26,26
27,27
28,28
11,29
30,30
31,31
32,32
33,33
34,34
35,35
36,36
37,37
38,38
39,39
40,40
41,41
5,42
43,43
44,44
45,45
46,46
40,47
48,48
49,49
50,50
51,51
52,52
53,53
54,54
55,55
56,56
57,57
58,58
59,59
43,0
0,1
43,2
3,3
4,4
5,5
6,6
7,7
8,8
9,9
28,10
10,11
12,12
13,13
14,14
16,15
15,16
17,17
18,18
19,19
20,20
21,21
22,22
23,23
24,24
25,25
26,26
27,27
29,28
29,29
30,30
31,31
32,32
33,33
34,34
35,35
36,36
37,37
38,38
39,39
40,40
41,41
42,42
43,43
44,44
45,45
46,46
47,47
48,48
49,49
50,50
49,51
52,52
53,53
54,54
55,55
56,56
57,57
58,58
59,59
0,0
1,1
16,2
3,3
4,4
5,5
6,6
7,7
8,8
28,9
11,10
11,11
12,12
13,13
14,14
15,15
15,16
46,17
18,18
19,19
20,20
21,21
22,22
23,23
46,24
25,25
26,26
27,27
28,28
29,29
30,30
27,31
32,32
33,33
34,34
35,35
36,36
37,37
38,38
39,39
40,40
41,41
42,42
43,43
44,44
45,45
46,46
47,47
48,48
49,49
50,50
51,51
52,52
53,53
54,54
55,55
57,57
58,58
58,59
0,0
1,1
2,2
3,3
4,4
5,5
6,6
7,7
8,8
9,9
10,10
11,11
12,12
13,13
14,14
15,15
16,16
17,17
18,18
19,19
20,20
21,21
22,22
23,23
24,24
25,25
26,26
46,27
28,28
28,29
37,30
31,31
32,32
33,33
34,34
35,35
36,36
37,37
38,38
39,39
43,40
41,41
42,42
43,43
44,44
45,45
46,46
47,47
48,48
49,49
50,50
51,51
52,52
52,53
54,54
55,55
56,56
57,57
58,58
59,59
0,0
1,1
2,2
43,3
4,4
5,5
6,6
7,7
8,8
9,9
10,10
28,11
12,12
13,13
14,14
15,15
16,16
17,17
18,18
19,19
20,20
21,21
22,22
23,23
29,24
25,25
26,26
27,27
28,28
28,29
37,30
31,31
32,32
33,33
34,34
35,35
36,36
37,37
38,38
39,39
40,40
41,41
42,42
43,43
44,44
45,45
46,46
47,47
48,48
49,49
50,50
51,51
52,52
53,53
54,54
55,55
56,56
57,57
58,58
59,59
0,0
32,1
2,2
3,3
4,4
5,5
6,6
7,7
8,8
9,9
11,10
11,11
12,12
13,13
14,14
16,15
16,16
1,17
18,18
19,19
20,20
21,21
22,22
23,23
24,24
25,25
26,26
43,27
11,28
28,29
27,30
31,31
32,32
33,33
34,34
35,35
36,36
37,37
39,38
39,39
43,40
41,41
42,42
43,43
44,44
45,45
46,46
47,47
48,48
53,49
50,50
51,51
53,52
52,53
54,54
55,55
56,56
57,57
58,58
59,59
43,0
1,1
2,2
3,3
4,4
5,5
6,6
7,7
8,8
9,9
10,10
11,11
12,12
13,13
14,14
15,15
16,16
17,17
18,18
19,19
20,20
21,21
22,22
23,23
4,24
25,25
26,26
27,27
28,28
28,29
37,30
31,31
32,32
33,33
34,34
35,35
46,36
37,37
38,38
39,39
40,40
41,41
42,42
43,43
44,44
45,45
46,46
47,47
48,48
49,49
50,50
51,51
52,52
53,53
54,54
55,55
56,56
57,57
58,58
59,59
0,0
1,1
43,2
3,3
4,4
5,5
6,6
7,7
8,8
9,9
10,10
11,11
12,12
13,13
14,14
15,15
16,16
17,17
18,18
19,19
20,20
21,21
22,22
23,23
24,24
25,25
26,26
43,27
28,28
11,29
6,30
31,31
32,32
33,33
34,34
35,35
36,36
37,37
38,38
39,39
40,40
41,41
42,42
43,43
44,44
45,45
46,46
47,47
48,48
49,49
50,50
51,51
52,52
53,53
54,54
55,55
56,56
57,57
58,58
59,59
0,0
19,1
2,2
46,3
10,4
5,5
6,6
7,7
8,8
9,9
10,10
28,11
12,12
13,13
14,14
15,15
16,16
17,17
18,18
19,19
20,20
21,21
22,22
23,23
44,24
25,25
26,26
27,27
29,28
29,29
37,30
31,31
32,32
33,33
34,34
35,35
36,36
37,37
38,38
39,39
40,40
41,41
42,42
43,43
44,44
45,45
46,46
47,47
48,48
49,49
49,50
51,51
52,52
53,53
54,54
55,55
56,56
57,57
58,58
59,59
0,0
1,1
28,2
3,3
4,4
5,5
6,6
7,7
8,8
9,9
28,10
46,11
12,12
13,13
14,14
16,15
16,16
17,17
18,18
19,19
20,20
48,21
22,22
23,23
24,24
25,25
26,26
27,27
28,28
11,29
37,30
31,31
32,32
33,33
34,34
35,35
36,36
37,37
39,38
39,39
47,40
41,41
42,42
43,43
44,44
45,45
46,46
47,47
48,48
49,49
50,50
51,51
52,52
53,53
54,54
55,55
56,56
57,57
58,58
58,59
0,0
1,1
43,2
3,3
4,4
5,5
6,6
7,7
8,8
9,9
11,10
29,11
12,12
13,13
14,14
15,15
15,16
17,17
18,18
19,19
20,20
21,21
22,22
23,23
3,24
25,25
26,26
27,27
11,28
11,29
6,30
31,31
32,32
33,33
34,34
35,35
36,36
37,37
39,38
39,39
40,40
41,41
42,42
43,43
44,44
45,45
46,46
47,47
48,48
49,49
50,50
51,51
52,52
53,53
54,54
55,55
56,56
57,57
58,58
59,59
46,0
24,1
11,2
3,3
40,4
5,5
6,6
7,7
8,8
9,9
10,10
11,11
12,12
13,13
14,14
16,15
16,16
17,17
18,18
19,19
20,20
21,21
22,22
23,23
24,24
25,25
26,26
27,27
28,28
11,29
30,30
0,31
38,32
33,33
34,34
35,35
36,36
37,37
39,38
39,39
47,40
41,41
42,42
43,43
44,44
24,45
46,46
47,47
48,48
49,49
50,50
51,51
52,52
49,53
54,54
55,55
56,56
57,57
58,58
59,59
43,0
1,1
40,2
3,3
4,4
5,5
6,6
7,7
8,8
9,9
29,10
11,11
12,12
13,13
14,14
15,15
16,16
17,17
18,18
19,19
20,20
21,21
22,22
23,23
24,24
25,25
26,26
27,27
28,28
29,29
6,30
31,31
32,32
33,33
34,34
35,35
36,36
37,37
39,38
39,39
40,40
41,41
42,42
43,43
44,44
45,45
46,46
47,47
48,48
49,49
50,50
51,51
52,52
53,53
54,54
55,55
56,56
57,57
58,58
59,59
0,0
1,1
2,2
3,3
4,4
5,5
6,6
7,7
8,8
9,9
29,10
29,11
12,12
13,13
14,14
15,15
15,16
17,17
18,18
19,19
20,20
21,21
22,22
23,23
24,24
25,25
26,26
27,27
29,28
29,29
37,30
31,31
32,32
33,33
34,34
35,35
36,36
37,37
39,38
39,39
47,40
41,41
42,42
43,43
44,44
45,45
46,46
47,47
48,48
49,49
50,50
51,51
52,52
53,53
54,54
57,55
56,56
45,57
41,58
59,59
43,0
1,1
28,2
3,3
4,4
34,5
6,6
7,7
8,8
9,9
10,10
11,11
12,12
13,13
14,14
15,15
15,16
24,17
18,18
19,19
20,20
3,21
22,22
23,23
24,24
25,25
26,26
27,27
11,28
28,29
37,30
31,31
32,32
33,33
34,34
35,35
36,36
37,37
39,38
39,39
40,40
41,41
42,42
43,43
44,44
45,45
46,46
40,47
48,48
49,49
50,50
51,51
43,52
53,53
54,54
55,55
56,56
57,57
58,58
59,59
0,0
1,1
2,2
3,3
4,4
5,5
6,6
7,7
8,8
9,9
10,10
11,11
12,12
13,13
14,14
15,15
16,16
17,17
18,18
19,19
20,20
21,21
22,22
23,23
24,24
25,25
26,26
27,27
29,28
29,29
43,30
31,31
32,32
28,33
34,34
35,35
36,36
37,37
38,38
39,39
40,40
41,41
42,42
43,43
44,44
45,45
46,46
47,47
48,48
49,49
50,50
51,51
52,52
2,53
54,54
55,55
56,56
57,57
58,58
59,59
0,0
28,1
43,2
3,3
4,4
5,5
6,6
7,7
8,8
9,9
28,10
10,11
12,12
13,13
14,14
16,15
16,16
17,17
36,18
19,19
20,20
21,21
22,22
23,23
35,24
25,25
26,26
27,27
28,28
29,29
31,30
31,31
32,32
33,33
34,34
35,35
36,36
37,37
38,38
39,39
40,40
41,41
42,42
43,43
44,44
45,45
46,46
47,47
48,48
49,49
50,50
51,51
52,52
53,53
54,54
55,55
56,56
57,57
58,58
59,59
0,0
1,1
43,2
3,3
4,4
5,5
6,6
7,7
8,8
9,9
28,10
12,12
13,13
14,14
15,15
16,16
17,17
18,18
19,19
20,20
21,21
22,22
23,23
24,24
25,25
26,26
27,27
29,28
29,29
43,30
31,31
32,32
28,33
34,34
35,35
36,36
37,37
11,38
39,39
40,40
41,41
42,42
2,43
44,44
45,45
46,46
47,47
2,48
49,49
50,50
51,51
52,52
53,53
54,54
55,55
56,56
57,57
58,58
59,59
0,0
36,1
43,2
3,3
4,4
5,5
6,6
7,7
8,8
33,9
10,10
28,11
12,12
13,13
14,14
15,15
16,16
17,17
18,18
19,19
20,20
21,21
48,22
23,23
3,24
25,25
26,26
27,27
28,28
10,29
43,30
31,31
32,32
33,33
34,34
35,35
36,36
37,37
38,38
39,39
40,40
41,41
42,42
43,43
44,44
45,45
46,46
47,47
48,48
51,49
50,50
51,51
52,52
53,53
54,54
55,55
56,56
57,57
58,58
59,59
0,0
10,1
43,2
3,3
4,4
5,5
6,6
7,7
8,8
9,9
10,10
11,11
12,12
13,13
14,14
15,15
16,16
17,17
18,18
19,19
20,20
21,21
48,22
23,23
24,24
25,25
26,26
27,27
10,28
21,29
43,30
31,31
32,32
29,33
34,34
35,35
36,36
37,37
38,38
39,39
40,40
41,41
42,42
43,43
44,44
45,45
46,46
47,47
48,48
49,49
50,50
51,51
52,52
48,53
54,54
55,55
56,56
57,57
58,58
59,59
0,0
29,1
24,2
3,3
29,4
5,5
6,6
7,7
8,8
9,9
10,10
28,11
13,13
14,14
16,15
15,16
28,17
3,18
19,19
20,20
21,21
48,22
23,23
29,24
25,25
26,26
24,27
28,28
11,29
27,30
31,31
32,32
33,33
34,34
35,35
36,36
46,37
27,38
39,39
40,40
41,41
42,42
43,43
47,44
45,45
46,46
47,47
48,48
56,49
56,50
54,51
52,52
40,53
54,54
24,55
16,56
37,57
58,58
59,59
0,0
11,1
2,2
3,3
4,4
5,5
6,6
7,7
8,8
28,9
10,10
11,11
12,12
13,13
14,14
15,15
15,16
17,17
18,18
20,19
20,20
21,21
22,22
23,23
24,24
25,25
26,26
27,27
28,28
28,29
30,30
31,31
32,32
33,33
34,34
35,35
36,36
37,37
38,38
39,39
43,40
41,41
42,42
43,43
44,44
45,45
43,46
47,47
48,48
49,49
50,50
52,51
52,52
53,53
54,54
55,55
56,56
57,57
58,58
59,59
0,0
43,1
2,2
3,3
4,4
5,5
6,6
7,7
8,8
9,9
10,10
11,11
12,12
13,13
14,14
15,15
15,16
17,17
18,18
19,19
20,20
21,21
22,22
23,23
4,24
25,25
26,26
27,27
28,28
29,29
30,30
31,31
32,32
33,33
34,34
35,35
36,36
37,37
38,38
39,39
40,40
41,41
42,42
43,43
44,44
45,45
46,46
47,47
48,48
49,49
50,50
51,51
52,52
0,53
54,54
57,55
56,56
57,57
58,58
59,59
0,0
1,1
2,2
3,3
4,4
5,5
6,6
7,7
8,8
11,9
10,10
28,11
55,12
13,13
14,14
15,15
15,16
17,17
18,18
45,23
12,24
25,25
26,26
27,27
28,28
29,29
31,30
40,31
29,32
33,33
34,34
35,35
36,36
43,37
38,38
39,39
40,40
41,41
42,42
43,43
44,44
45,45
52,46
47,47
48,48
49,49
50,50
51,51
52,52
53,53
54,54
55,55
56,56
57,57
58,58
59,59
0,0
43,1
2,2
3,3
4,4
5,5
6,6
7,7
8,8
9,9
10,10
11,11
12,12
13,13
14,14
15,15
15,16
17,17
18,18
19,19
20,20
21,21
22,22
23,23
4,24
25,25
26,26
27,27
28,28
11,29
30,30
31,31
2,32
33,33
34,34
35,35
3,36
37,37
38,38
39,39
40,40
41,41
42,42
43,43
44,44
45,45
46,46
47,47
48,48
49,49
50,50
51,51
52,52
53,53
54,54
55,55
56,56
57,57
58,58
59,59
0,0
17,1
2,2
3,3
4,4
5,5
6,6
7,7
8,8
9,9
10,10
11,11
12,12
13,13
14,14
15,15
16,16
17,17
18,18
19,19
20,20
21,21
22,22
23,23
24,24
25,25
26,26
27,27
28,28
29,29
31,30
31,31
32,32
33,33
34,34
35,35
36,36
37,37
38,38
39,39
36,40
41,41
42,42
43,43
44,44
45,45
40,46
47,47
3,48
49,49
50,50
52,51
52,52
53,53
54,54
55,55
56,56
57,57
58,58
59,59
0,0
43,1
32,2
17,3
4,4
5,5
6,6
42,7
8,8
3,9
10,10
28,11
12,12
13,13
14,14
15,15
15,16
17,17
18,18
19,19
20,20
21,21
22,22
23,23
2,24
25,25
26,26
27,27
28,28
29,29
30,30
0,31
32,32
33,33
34,34
35,35
36,36
37,37
38,38
39,39
4,40
41,41
42,42
40,43
44,44
45,45
44,46
47,47
48,48
49,49
50,50
51,51
52,52
53,53
54,54
55,55
56,56
57,57
58,58
59,59
0,0
27,1
2,2
3,3
30,4
5,5
6,6
7,7
8,8
38,9
28,10
28,11
12,12
13,13
14,14
15,15
16,16
17,17
18,18
19,19
20,20
21,21
22,22
23,23
24,24
25,25
26,26
27,27
28,28
29,29
31,30
31,31
32,32
38,33
34,34
35,35
36,36
37,37
38,38
39,39
40,40
41,41
42,42
46,43
44,44
45,45
46,46
47,47
48,48
52,49
50,50
51,51
52,52
53,53
54,54
55,55
56,56
57,57
58,58
59,59
0,0
1,1
2,2
3,3
4,4
5,5
6,6
7,7
8,8
29,9
32,10
2,11
12,12
13,13
14,14
16,15
15,16
1,17
18,18
19,19
20,20
21,21
22,22
23,23
24,24
25,25
26,26
27,27
28,28
15,29
30,30
31,31
32,32
30,33
34,34
35,35
31,36
37,37
38,38
9,39
37,40
41,41
42,42
46,43
44,44
45,45
46,46
47,47
48,48
49,49
50,50
51,51
52,52
53,53
24,54
56,55
56,56
57,57
59,58
59,59
11,0
43,1
2,2
3,3
38,4
5,5
6,6
7,7
8,8
11,9
28,10
11,11
12,12
13,13
14,14
15,15
5,16
19,19
20,20
21,21
22,22
23,23
24,24
25,25
26,26
28,27
28,28
29,29
35,30
31,31
32,32
33,33
34,34
46,35
36,36
37,37
38,38
39,39
40,40
41,41
42,42
36,43
44,44
45,45
46,46
40,47
48,48
49,49
50,50
51,51
52,52
53,53
54,54
55,55
56,56
57,57
58,58
59,59
0,0
1,1
2,2
3,3
4,4
5,5
6,6
7,7
8,8
9,9
10,10
10,11
33,12
13,13
14,14
15,15
15,16
31,17
18,18
19,19
20,20
21,21
22,22
23,23
24,24
25,25
26,26
27,27
28,28
29,29
30,30
31,31
32,32
29,33
34,34
35,35
36,36
37,37
33,38
38,39
40,40
41,41
42,42
43,43
44,44
45,45
46,46
47,47
48,48
49,49
50,50
51,51
52,52
53,53
57,54
36,55
55,56
57,57
58,58
59,59
11,0
2,1
0,2
3,3
4,4
5,5
6,6
7,7
8,8
11,9
28,10
36,11
33,12
13,13
14,14
15,15
16,16
17,17
18,18
19,19
20,20
21,21
22,22
23,23
24,24
25,25
26,26
28,27
28,28
13,29
32,30
31,31
32,32
38,33
34,34
35,35
36,36
37,37
38,38
39,39
40,40
41,41
42,42
32,43
44,44
45,45
46,46
44,47
48,48
49,49
50,50
51,51
52,52
53,53
54,54
55,55
56,56
57,57
58,58
59,59
0,0
18,1
2,2
3,3
4,4
5,5
6,6
7,7
8,8
9,9
10,10
11,11
12,12
13,13
14,14
15,15
15,16
17,17
18,18
43,19
20,20
21,21
22,22
23,23
24,24
25,25
26,26
27,27
28,28
28,29
32,30
31,31
32,32
9,33
34,34
35,35
36,36
31,37
38,38
32,39
16,40
41,41
41,42
43,43
44,44
45,45
46,46
47,47
48,48
49,49
50,50
51,51
52,52
53,53
54,54
55,55
56,56
57,57
58,58
59,59
0,0
0,1
2,2
3,3
4,4
5,5
6,6
7,7
8,8
9,9
32,10
28,11
12,12
13,13
14,14
15,15
16,16
17,17
18,18
19,19
20,20
21,21
22,22
23,23
24,24
25,25
26,26
27,27
10,28
28,29
30,30
31,31
32,32
28,33
34,34
35,35
36,36
37,37
38,38
39,39
40,40
41,41
42,42
43,43
44,44
24,45
46,46
47,47
48,48
6,49
50,50
51,51
52,52
53,53
54,54
55,55
56,56
57,57
58,58
59,59
0,0
2,1
2,2
3,3
4,4
5,5
6,6
7,7
8,8
9,9
32,10
27,11
12,12
13,13
14,14
16,15
16,16
17,17
36,18
17,19
20,20
21,21
22,22
23,23
24,24
25,25
26,26
27,27
28,28
29,29
30,30
31,31
32,32
33,33
34,34
35,35
36,36
37,37
38,38
39,39
36,40
41,41
42,42
43,43
44,44
45,45
46,46
46,47
48,48
6,49
23,50
51,51
53,52
53,53
54,54
55,55
56,56
57,57
58,58
59,59
0,0
37,1
2,2
43,3
4,4
5,5
6,6
3,12
13,13
14,14
15,15
15,16
0,17
18,18
19,19
18,20
21,21
2,22
23,23
24,24
25,25
26,26
27,27
10,28
28,29
30,30
28,31
32,32
28,33
34,34
35,35
43,36
37,37
38,38
39,39
43,40
41,41
42,42
43,43
44,44
45,45
46,46
3,47
48,48
4,50
51,51
52,52
53,53
54,54
55,55
56,56
57,57
58,58
59,59
2,0
2,1
2,2
3,3
4,4
5,5
6,6
7,7
8,8
32,9
10,10
28,11
12,12
13,13
14,14
15,15
16,16
17,17
18,18
19,19
20,20
21,21
22,22
23,23
24,24
25,25
26,26
27,27
28,28
29,29
30,30
31,31
46,32
33,33
34,34
35,35
36,36
37,37
38,38
39,39
36,40
41,41
42,42
43,43
44,44
45,45
46,46
44,47
48,48
49,49
50,50
51,51
52,52
53,53
54,54
55,55
56,56
57,57
59,58
59,59
0,0
18,1
2,2
3,3
4,4
5,5
6,6
7,7
8,8
9,9
10,10
11,11
12,12
13,13
14,14
15,15
16,16
17,17
18,18
19,19
20,20
21,21
22,22
23,23
24,24
25,25
26,26
27,27
28,28
29,29
30,30
31,31
32,32
28,33
34,34
35,35
36,36
37,37
38,38
39,39
40,40
41,41
42,42
43,43
44,44
45,45
46,46
47,47
48,48
49,49
50,50
51,51
52,52
53,53
54,54
55,55
56,56
57,57
58,58
59,59
0,0
0,1
2,2
3,3
4,4
5,5
6,6
7,7
8,8
9,9
29,10
29,11
12,12
13,13
14,14
15,15
16,16
17,17
2,18
36,19
20,20
21,21
22,22
23,23
27,24
25,25
26,26
27,27
28,28
28,29
30,30
28,31
32,32
33,33
34,34
35,35
43,36
37,37
38,38
39,39
44,40
41,41
42,42
43,43
45,44
45,45
46,46
47,47
48,48
49,49
50,50
51,51
53,52
53,53
54,54
55,55
56,56
57,57
58,58
59,59
0,0
1,1
2,2
3,3
32,4
5,5
5,6
7,7
8,8
9,9
28,10
11,11
12,12
13,13
14,14
15,15
15,16
17,17
18,18
19,19
20,20
21,21
22,22
23,23
24,24
25,25
26,26
27,27
28,28
29,29
30,30
31,31
32,32
33,33
34,34
35,35
43,36
37,37
38,38
39,39
34,40
41,41
42,42
43,43
44,44
45,45
44,46
40,47
48,48
49,49
50,50
51,51
52,52
53,53
54,54
55,55
56,56
57,57
58,58
59,59
0,0
1,1
43,2
36,3
4,4
16,5
5,6
7,7
8,8
9,9
27,10
11,11
12,12
13,13
14,14
15,15
16,16
17,17
18,18
19,19
20,20
21,21
22,22
23,23
24,24
25,25
26,26
27,27
28,28
11,29
37,30
31,31
32,32
33,33
34,34
35,35
36,36
37,37
38,38
39,39
40,40
41,41
42,42
43,43
38,44
45,45
46,46
47,47
48,48
49,49
50,50
51,51
52,52
53,53
54,54
55,55
56,56
57,57
58,58
59,59
2,0
1,1
0,2
27,4
5,5
42,6
7,7
8,8
9,9
11,10
11,11
12,12
13,13
14,14
15,15
15,16
17,17
18,18
19,19
20,20
21,21
21,22
50,23
24,24
25,25
26,26
27,27
10,28
29,29
30,30
31,31
28,32
33,33
34,34
35,35
43,36
37,37
38,38
39,39
40,40
41,41
42,42
43,43
38,44
18,45
46,46
40,47
48,48
49,49
50,50
51,51
53,52
53,53
54,54
55,55
56,56
57,57
58,58
59,59
0,0
1,1
2,2
3,3
4,4
5,5
5,6
7,7
8,8
9,9
10,10
10,11
12,12
13,13
14,14
15,15
41,16
17,17
18,18
37,19
20,20
21,21
22,22
23,23
24,24
25,25
26,26
27,27
28,28
29,29
37,30
31,31
32,32
33,33
34,34
35,35
36,36
37,37
38,38
39,39
34,40
41,41
42,42
43,43
44,44
45,45
46,46
47,47
48,48
49,49
49,50
51,51
52,52
53,53
54,54
53,55
56,56
57,57
58,58
59,59
0,0
1,1
2,2
3,3
32,4
5,5
5,6
45,7
43,8
48,9
11,10
10,11
10,12
13,13
14,14
31,15
13,16
17,17
18,18
19,19
20,20
21,21
22,22
23,23
24,24
25,25
26,26
27,27
28,28
29,29
31,30
31,31
32,32
33,33
34,34
35,35
43,36
37,37
38,38
39,39
34,40
41,41
42,42
43,43
44,44
45,45
46,46
40,47
48,48
49,49
50,50
51,51
52,52
53,53
54,54
52,55
56,56
57,57
58,58
59,59
0,0
29,1
2,2
36,3
32,4
5,5
5,6
41,7
8,8
33,9
10,10
11,11
12,12
13,13
14,14
15,15
16,16
27,17
36,18
1,19
20,20
21,21
2,22
23,23
24,24
25,25
26,26
27,27
11,28
29,29
34,30
46,31
32,32
33,33
34,34
35,35
36,36
32,37
38,38
39,39
40,40
41,41
42,42
43,43
24,44
45,45
46,46
34,47
48,48
49,49
51,50
51,51
52,52
53,53
54,54
55,55
56,56
57,57
58,58
59,59
0,0
1,1
2,2
3,3
4,4
5,5
6,6
7,7
8,8
9,9
32,10
28,11
12,12
13,13
14,14
15,15
16,16
9,17
18,18
19,19
20,20
21,21
22,22
23,23
24,24
25,25
26,26
27,27
28,28
28,29
30,30
31,31
32,32
33,33
34,34
35,35
36,36
37,37
38,38
39,39
40,40
41,41
42,42
43,43
44,44
45,45
46,46
44,47
3,48
49,49
50,50
51,51
52,52
53,53
54,54
55,55
56,56
57,57
58,58
59,59
0,0
1,1
2,2
3,3
4,4
5,5
6,6
7,7
8,8
9,9
32,10
32,11
12,12
13,13
14,14
15,15
16,16
17,17
18,18
19,19
20,20
21,21
22,22
23,23
24,24
25,25
26,26
27,27
28,28
29,29
30,30
31,31
32,32
9,33
34,34
35,35
36,36
37,37
38,38
39,39
44,40
41,41
42,42
43,43
44,44
24,45
46,46
47,47
48,48
49,49
50,50
51,51
53,52
53,53
54,54
55,55
56,56
57,57
58,58
59,59
0,0
1,1
32,2
43,3
4,4
5,5
6,6
27,7
8,8
9,9
32,10
11,11
12,12
13,13
14,14
15,15
16,16
17,17
18,18
19,19
20,20
21,21
22,22
23,23
24,24
25,25
26,26
27,27
28,28
36,29
30,30
31,31
4,32
33,33
34,34
35,35
36,36
37,37
38,38
39,39
40,40
41,41
42,42
43,43
44,44
45,45
4,46
44,47
3,48
52,49
50,50
51,51
52,52
53,53
54,54
55,55
56,56
57,57
58,58
59,59
0,0
1,1
2,2
3,3
4,4
5,5
6,6
7,7
8,8
9,9
32,10
32,11
12,12
13,13
14,14
15,15
16,16
17,17
18,18
19,19
20,20
21,21
22,22
23,23
24,24
25,25
26,26
37,27
29,28
29,29
30,30
31,31
32,32
33,33
34,34
35,35
36,36
37,37
38,38
39,39
44,40
41,41
42,42
43,43
44,44
45,45
46,46
44,47
48,48
52,49
50,50
51,51
52,52
53,53
54,54
55,55
56,56
57,57
58,58
59,59
0,0
1,1
2,2
3,3
4,4
5,5
6,6
7,7
8,8
9,9
32,10
11,11
12,12
13,13
14,14
15,15
16,16
17,17
18,18
19,19
20,20
21,21
22,22
23,23
24,24
25,25
26,26
27,27
28,28
29,29
30,30
31,31
32,32
33,33
34,34
35,35
36,36
37,37
38,38
39,39
44,40
41,41
42,42
43,43
44,44
45,45
46,46
44,47
21,48
52,49
50,50
51,51
52,52
53,53
54,54
55,55
56,56
57,57
58,58
58,59
0,0
28,1
2,2
3,3
4,4
5,5
6,6
7,7
8,8
9,9
32,10
32,11
12,12
13,13
14,14
15,15
34,16
17,17
18,18
19,19
20,20
21,21
23,22
23,23
24,24
25,25
26,26
37,27
11,28
29,29
53,30
31,31
32,32
9,33
56,34
52,35
43,36
53,37
38,38
39,39
56,40
41,41
42,42
43,43
44,44
45,45
46,46
44,47
43,48
18,49
45,50
14,51
24,52
4,53
54,54
55,55
56,56
57,57
58,58
58,59
0,0
1,1
2,2
3,3
4,4
5,5
6,6
7,7
8,8
9,9
10,10
11,11
12,12
13,13
14,14
15,15
15,16
17,17
36,18
19,19
20,20
21,21
46,22
23,23
24,24
25,25
26,26
44,27
28,28
29,29
30,30
31,31
32,32
33,33
34,34
35,35
36,36
43,37
38,38
39,39
40,40
41,41
42,42
47,43
44,44
45,45
46,46
47,47
48,48
49,49
50,50
51,51
52,52
53,53
54,54
55,55
56,56
57,57
58,58
59,59
27,0
1,1
27,2
3,3
4,4
5,5
6,6
7,7
8,8
9,9
11,10
10,11
12,12
13,13
14,14
15,15
16,16
17,17
18,18
19,19
20,20
21,21
48,22
23,23
24,24
25,25
26,26
27,27
44,28
29,29
30,30
30,31
32,32
33,33
40,34
40,35
36,36
18,37
38,38
38,39
40,40
41,41
42,42
43,43
44,44
45,45
46,46
34,47
48,48
49,49
50,50
51,51
52,52
53,53
54,54
55,55
56,56
57,57
58,58
59,59
0,0
17,1
48,2
3,3
4,4
5,5
6,6
7,7
8,8
9,9
10,10
46,11
0,12
13,13
14,14
15,15
5,16
18,18
19,19
20,20
21,21
46,22
23,23
24,24
25,25
26,26
43,27
28,28
11,29
30,30
31,31
32,32
33,33
34,34
35,35
36,36
28,37
38,38
38,39
40,40
41,41
42,42
40,43
44,44
44,45
27,46
47,47
48,48
56,49
50,50
51,51
52,52
53,53
56,54
55,55
56,56
57,57
58,58
59,59
27,0
1,1
40,2
3,3
4,4
5,5
6,6
7,7
8,8
9,9
11,10
11,11
14,12
13,13
14,14
15,15
16,16
17,17
18,18
19,19
20,20
21,21
48,22
23,23
24,24
25,25
26,26
46,27
28,28
29,29
30,30
30,31
32,32
33,33
34,34
35,35
36,36
22,37
38,38
39,39
40,40
41,41
42,42
43,43
44,44
45,45
46,46
47,47
48,48
49,49
50,50
51,51
52,52
53,53
54,54
55,55
56,56
57,57
58,58
59,59
0,0
44,1
44,2
3,3
4,4
5,5
6,6
7,7
8,8
9,9
28,10
10,11
12,12
13,13
14,14
15,15
16,16
17,17
46,18
19,19
20,20
21,21
48,22
23,23
24,24
25,25
26,26
46,27
28,28
11,29
30,30
30,31
32,32
33,33
34,34
35,35
36,36
43,37
38,38
38,39
40,40
41,41
42,42
46,43
44,44
45,45
46,46
47,47
48,48
49,49
50,50
51,51
52,52
53,53
54,54
55,55
56,56
57,57
58,58
59,59
17,0
37,1
35,2
3,3
27,4
5,5
6,6
7,7
8,8
46,9
28,10
11,11
13,13
13,14
15,15
16,16
27,17
18,18
37,19
20,20
21,21
57,22
23,23
24,24
25,25
26,26
35,27
44,28
28,29
30,30
40,31
32,32
33,33
40,34
35,35
46,36
37,37
38,38
38,39
40,40
41,41
42,42
46,43
44,44
45,45
46,46
34,47
37,48
6,49
6,50
51,51
52,52
53,53
54,54
55,55
5,56
45,57
58,58
59,59
0,0
1,1
2,2
2,3
4,4
5,5
6,6
7,7
8,8
9,9
28,10
11,11
12,12
13,13
14,14
16,15
16,16
17,17
36,18
17,19
20,20
21,21
22,22
23,23
24,24
25,25
26,26
27,27
28,28
29,29
30,30
31,31
32,32
33,33
34,34
35,35
36,36
37,37
38,38
39,39
40,40
41,41
42,42
43,43
44,44
45,45
46,46
34,47
48,48
49,49
50,50
51,51
52,52
53,53
54,54
55,55
41,56
57,57
58,58
59,59
0,0
1,1
2,2
3,3
4,4
5,5
6,6
7,7
8,8
9,9
28,10
28,11
12,12
13,13
14,14
15,15
15,16
17,17
18,18
19,19
20,20
21,21
22,22
23,23
24,24
25,25
26,26
27,27
28,28
29,29
30,30
31,31
32,32
33,33
34,34
35,35
36,36
37,37
38,38
39,39
40,40
41,41
42,42
43,43
44,44
45,45
46,46
47,47
48,48
49,49
50,50
51,51
52,52
53,53
54,54
55,55
15,56
57,57
58,58
59,59
46,0
1,1
2,2
3,3
4,4
5,5
6,6
7,7
8,8
9,9
28,10
11,11
14,12
13,13
14,14
15,15
16,16
1,17
36,18
19,19
20,20
22,21
22,22
23,23
24,24
25,25
26,26
27,27
28,28
29,29
30,30
31,31
32,32
33,33
34,34
35,35
36,36
37,37
38,38
39,39
40,40
41,41
42,42
43,43
44,44
4,45
46,46
34,47
48,48
49,49
50,50
51,51
35,52
53,53
54,54
55,55
15,56
57,57
58,58
59,59
0,0
1,1
2,2
3,3
4,4
5,5
6,6
7,7
8,8
9,9
10,10
11,11
12,12
13,13
14,14
15,15
16,16
17,17
18,18
19,19
20,20
21,21
22,22
23,23
24,24
25,25
26,26
27,27
28,28
29,29
30,30
30,31
32,32
33,33
34,34
35,35
18,36
37,37
38,38
39,39
40,40
41,41
42,42
43,43
44,44
45,45
43,46
47,47
48,48
49,49
50,50
51,51
52,52
53,53
54,54
55,55
15,56
57,57
58,58
59,59
0,0
1,1
2,2
3,3
4,4
5,5
6,6
7,7
8,8
9,9
10,10
11,11
12,12
13,13
14,14
16,15
16,16
17,17
18,18
19,19
20,20
21,21
22,22
23,23
24,24
25,25
26,26
27,27
28,28
28,29
30,30
31,31
32,32
33,33
34,34
35,35
36,36
37,37
38,38
39,39
44,40
41,41
5,42
43,43
44,44
45,45
46,46
34,47
48,48
49,49
50,50
51,51
52,52
53,53
54,54
55,55
56,56
57,57
58,58
59,59
27,1
2,2
43,3
4,4
5,5
6,6
7,7
8,8
9,9
18,12
13,13
14,14
15,15
15,16
17,17
18,18
35,19
35,20
21,21
37,22
23,23
24,24
25,25
26,26
27,27
43,28
29,29
30,30
37,31
32,32
33,33
34,34
37,35
24,36
35,37
33,38
39,39
35,40
50,41
42,42
43,43
34,44
45,45
4,46
5,47
44,48
37,49
23,50
6,51
35,52
48,53
54,54
3,55
15,56
56,57
58,58
59,59
12,0
38,1
2,2
3,3
30,4
5,5
6,6
7,7
8,8
9,9
10,10
28,11
12,12
13,13
14,14
5,15
5,16
17,17
18,18
37,19
20,20
21,21
22,22
23,23
24,24
25,25
26,26
46,27
1,28
28,29
30,30
31,31
39,32
33,33
44,34
35,35
36,36
37,37
40,38
39,39
44,40
41,41
42,42
43,43
44,44
45,45
46,46
44,47
48,48
51,49
50,50
51,51
52,52
53,53
54,54
55,55
56,56
57,57
58,58
58,59
33,0
27,1
2,2
3,3
4,4
5,5
6,6
7,7
8,8
9,9
38,10
38,11
12,12
13,13
14,14
15,15
15,16
17,17
18,18
19,19
20,20
21,21
22,22
23,23
24,24
25,25
26,26
27,27
28,28
29,29
30,30
31,31
32,32
33,33
34,34
35,35
33,36
37,37
38,38
39,39
40,40
41,41
42,42
43,43
44,44
32,45
46,46
47,47
22,48
49,49
50,50
51,51
52,52
53,53
54,54
55,55
56,56
57,57
58,58
59,59
12,0
1,1
2,2
21,3
4,4
5,5
6,6
7,7
8,8
9,9
28,10
11,11
12,12
13,13
14,14
5,15
5,16
17,17
18,18
19,19
20,20
21,21
22,22
23,23
4,24
25,25
26,26
43,27
28,28
11,29
30,30
31,31
32,32
33,33
44,34
35,35
36,36
37,37
40,38
39,39
40,40
41,41
42,42
43,43
44,44
45,45
46,46
44,47
46,48
54,49
50,50
51,51
53,52
53,53
54,54
55,55
56,56
57,57
58,58
59,59
27,0
44,1
2,2
3,3
4,4
5,5
6,6
7,7
8,8
33,9
11,10
28,11
12,12
13,13
14,14
16,15
15,16
17,17
18,18
19,19
20,20
21,21
22,22
23,23
24,24
25,25
26,26
27,27
28,28
29,29
30,30
31,31
32,32
33,33
34,34
35,35
36,36
37,37
38,38
39,39
40,40
41,41
42,42
43,43
44,44
45,45
46,46
47,47
22,48
49,49
50,50
51,51
52,52
53,53
54,54
30,55
56,56
57,57
58,58
59,59
0,0
40,1
2,2
3,3
4,4
5,5
6,6
7,7
8,8
9,9
11,10
11,11
12,12
13,13
14,14
15,15
5,16
17,17
18,18
19,19
20,20
21,21
22,22
23,23
24,24
25,25
26,26
27,27
10,28
29,29
30,30
31,31
32,32
33,33
34,34
35,35
36,36
37,37
38,38
39,39
40,40
41,41
42,42
43,43
44,44
24,45
46,46
44,47
48,48
49,49
50,50
51,51
52,52
53,53
54,54
53,55
45,56
57,57
58,58
59,59
12,0
27,1
35,2
24,3
4,4
5,5
6,6
7,7
8,8
9,9
32,10
38,11
12,12
13,13
14,14
16,15
15,16
17,17
18,18
19,19
27,20
21,21
37,22
23,23
44,24
25,25
26,26
44,27
28,28
29,29
51,30
32,31
32,32
9,33
34,34
35,35
38,36
37,37
38,38
39,39
4,40
41,41
42,42
32,43
44,44
34,45
45,46
47,47
52,48
45,49
50,50
51,51
45,52
53,53
54,54
52,55
34,56
35,57
58,58
59,59
0,0
40,1
2,2
3,3
4,4
5,5
6,6
7,7
8,8
9,9
10,10
11,11
10,12
13,13
14,14
15,15
16,16
17,17
18,18
19,19
20,20
21,21
22,22
23,23
24,24
25,25
26,26
27,27
28,28
29,29
30,30
45,31
32,32
33,33
34,34
35,35
36,36
37,37
38,38
39,39
43,40
41,41
42,42
43,43
44,44
45,45
46,46
47,47
48,48
49,49
50,50
51,51
52,52
53,53
54,54
55,55
56,56
57,57
58,58
58,59
0,0
17,1
2,2
3,3
4,4
5,5
6,6
7,7
8,8
9,9
10,10
28,11
12,12
13,13
14,14
15,15
16,16
17,17
18,18
19,19
20,20
21,21
22,22
23,23
24,24
25,25
26,26
27,27
28,28
11,29
30,30
31,31
32,32
33,33
34,34
35,35
36,36
37,37
38,38
39,39
43,40
41,41
42,42
43,43
44,44
45,45
19,46
47,47
48,48
49,49
50,50
51,51
52,52
53,53
54,54
55,55
56,56
57,57
58,58
59,59
0,0
18,1
2,2
3,3
4,4
5,5
6,6
7,7
8,8
9,9
10,10
11,11
10,12
13,13
14,14
15,15
16,16
17,17
18,18
19,19
20,20
21,21
22,22
23,23
24,24
25,25
26,26
27,27
28,28
28,29
30,30
31,31
32,32
33,33
34,34
35,35
36,36
37,37
38,38
39,39
43,40
41,41
42,42
43,43
44,44
45,45
46,46
47,47
48,48
49,49
50,50
51,51
52,52
53,53
54,54
55,55
56,56
57,57
58,58
59,59
0,0
1,1
2,2
3,3
4,4
5,5
6,6
7,7
8,8
9,9
29,10
11,11
12,12
13,13
14,14
15,15
16,16
17,17
18,18
19,19
20,20
21,21
22,22
23,23
24,24
25,25
26,26
27,27
28,28
28,29
30,30
31,31
32,32
33,33
34,34
35,35
36,36
37,37
38,38
39,39
43,40
41,41
42,42
43,43
44,44
44,45
19,46
47,47
48,48
49,49
50,50
51,51
57,52
52,53
54,54
55,55
56,56
57,57
58,58
59,59
0,0
40,1
2,2
3,3
4,4
5,5
6,6
7,7
8,8
9,9
10,10
11,11
12,12
13,13
14,14
15,15
16,16
17,17
18,18
19,19
20,20
21,21
22,22
23,23
24,24
25,25
26,26
27,27
28,28
11,29
30,30
31,31
32,32
33,33
34,34
35,35
36,36
37,37
38,38
39,39
43,40
41,41
42,42
43,43
44,44
45,45
46,46
47,47
48,48
49,49
50,50
51,51
52,52
53,53
54,54
55,55
56,56
57,57
58,58
59,59
0,0
1,1
2,2
3,3
4,4
5,5
6,6
7,7
8,8
9,9
10,10
11,11
12,12
13,13
14,14
15,15
16,16
17,17
18,18
19,19
20,20
21,21
22,22
23,23
24,24
25,25
26,26
27,27
28,28
11,29
30,30
0,31
32,32
33,33
34,34
35,35
36,36
37,37
38,38
39,39
32,40
41,41
42,42
43,43
44,44
45,45
19,46
47,47
48,48
49,49
50,50
51,51
52,52
53,53
54,54
55,55
56,56
56,57
58,58
59,59
38,0
27,1
2,2
3,3
4,4
5,5
6,6
7,7
8,8
9,9
10,10
28,11
12,12
13,13
14,14
15,15
16,16
17,17
18,18
19,19
20,20
21,21
22,22
23,23
24,24
25,25
26,26
27,27
28,28
10,29
30,30
31,31
32,32
33,33
34,34
35,35
36,36
37,37
38,38
39,39
43,40
41,41
42,42
43,43
44,44
45,45
46,46
44,47
48,48
49,49
50,50
51,51
52,52
53,53
54,54
55,55
56,56
57,57
58,58
59,59
17,0
27,1
2,2
3,3
4,4
5,5
6,6
7,7
8,8
9,9
10,10
28,11
12,12
13,13
14,14
15,15
16,16
17,17
18,18
19,19
20,20
21,21
22,22
23,23
24,24
25,25
26,26
27,27
28,28
11,29
53,30
31,31
32,32
33,33
34,34
35,35
43,36
37,37
39,38
39,39
43,40
41,41
42,42
43,43
44,44
45,45
43,46
47,47
48,48
49,49
50,50
51,51
52,52
53,53
54,54
55,55
56,56
57,57
58,58
59,59
40,0
17,1
2,2
3,3
4,4
5,5
6,6
7,7
8,8
9,9
10,10
28,11
11,12
13,13
14,14
15,15
16,16
27,17
18,18
19,19
20,20
21,21
22,22
23,23
24,24
25,25
26,26
27,27
28,28
29,29
30,30
17,31
31,32
33,33
34,34
35,35
36,36
37,37
38,38
39,39
27,40
41,41
42,42
43,43
44,44
45,45
43,46
47,47
48,48
49,49
50,50
51,51
52,52
53,53
54,54
55,55
56,56
57,57
58,58
59,59
17,0
43,1
2,2
3,3
4,4
5,5
6,6
7,7
8,8
9,9
27,10
10,11
12,12
13,13
14,14
15,15
16,16
17,17
18,18
19,19
20,20
21,21
22,22
23,23
24,24
25,25
26,26
27,27
11,28
29,29
30,30
31,31
32,32
33,33
34,34
35,35
36,36
37,37
39,38
39,39
43,40
41,41
42,42
43,43
44,44
45,45
43,46
47,47
48,48
49,49
50,50
51,51
52,52
53,53
54,54
55,55
56,56
57,57
58,58
59,59
27,0
27,1
2,2
3,3
4,4
5,5
6,6
7,7
8,8
9,9
10,10
11,11
12,12
13,13
14,14
15,15
16,16
17,17
18,18
19,19
20,20
21,21
22,22
23,23
24,24
25,25
26,26
27,27
28,28
29,29
31,30
17,31
32,32
33,33
34,34
35,35
36,36
37,37
38,38
39,39
43,40
41,41
42,42
43,43
44,44
45,45
43,46
47,47
48,48
49,49
50,50
51,51
52,52
53,53
54,54
55,55
56,56
57,57
58,58
59,59
0,0
27,1
2,2
3,3
4,4
5,5
6,6
7,7
8,8
9,9
10,10
10,11
12,12
13,13
14,14
15,15
16,16
17,17
18,18
19,19
20,20
21,21
22,22
23,23
24,24
25,25
26,26
27,27
28,28
11,29
30,30
31,31
32,32
33,33
34,34
35,35
43,36
37,37
38,38
39,39
43,40
41,41
42,42
43,43
24,44
45,45
46,46
47,47
48,48
49,49
50,50
51,51
52,52
53,53
54,54
55,55
56,56
57,57
58,58
59,59
17,0
27,1
2,2
3,3
4,4
5,5
6,6
7,7
8,8
9,9
28,10
10,11
12,12
13,13
14,14
15,15
23,16
17,17
18,18
19,19
20,20
21,21
22,22
23,23
24,24
25,25
26,26
27,27
28,28
10,29
30,30
43,31
32,32
33,33
34,34
35,35
36,36
37,37
38,38
39,39
2,40
41,41
42,42
43,43
24,44
45,45
46,46
47,47
48,48
49,49
50,50
51,51
52,52
53,53
54,54
55,55
56,56
57,57
58,58
59,59
0,0
27,1
2,2
3,3
4,4
5,5
6,6
7,7
8,8
9,9
10,10
28,11
12,12
13,13
14,14
16,15
16,16
17,17
18,18
19,19
20,20
21,21
22,22
23,23
24,24
25,25
26,26
27,27
28,28
29,29
30,30
31,31
32,32
33,33
34,34
35,35
36,36
37,37
38,38
39,39
43,40
41,41
42,42
43,43
44,44
45,45
46,46
47,47
48,48
49,49
50,50
51,51
52,52
53,53
54,54
55,55
56,56
57,57
58,58
59,59
0,0
2,1
2,2
3,3
4,4
5,5
6,6
7,7
8,8
9,9
11,10
10,11
12,12
13,13
14,14
23,15
16,16
27,17
18,18
19,19
20,20
21,21
22,22
23,23
24,24
25,25
26,26
27,27
28,28
29,29
30,30
43,31
32,32
33,33
34,34
35,35
36,36
37,37
17,38
39,39
43,40
41,41
42,42
43,43
46,44
45,45
46,46
47,47
48,48
49,49
50,50
51,51
52,52
53,53
54,54
55,55
56,56
57,57
58,58
59,59
43,0
43,1
2,2
3,3
4,4
5,5
6,6
7,7
8,8
9,9
10,10
28,11
12,12
13,13
14,14
25,15
16,16
17,17
18,18
19,19
20,20
21,21
22,22
23,23
24,24
25,25
26,26
27,27
28,28
11,29
30,30
31,31
32,32
33,33
34,34
35,35
36,36
37,37
39,38
39,39
43,40
41,41
42,42
43,43
44,44
45,45
46,46
47,47
48,48
49,49
50,50
51,51
52,52
53,53
54,54
55,55
56,56
57,57
58,58
59,59
0,0
27,1
2,2
3,3
4,4
5,5
6,6
7,7
8,8
9,9
28,10
28,11
12,12
13,13
14,14
15,15
16,16
17,17
18,18
19,19
20,20
21,21
22,22
23,23
24,24
25,25
26,26
27,27
28,28
10,29
30,30
31,31
32,32
33,33
34,34
35,35
36,36
37,37
38,38
39,39
43,40
41,41
42,42
43,43
24,44
45,45
46,46
47,47
48,48
49,49
50,50
51,51
52,52
53,53
54,54
55,55
56,56
57,57
58,58
59,59
0,0
2,1
2,2
37,3
4,4
5,5
6,6
7,7
8,8
9,9
11,10
10,11
12,12
13,13
14,14
23,15
15,16
17,17
18,18
19,19
20,20
21,21
22,22
23,23
24,24
25,25
26,26
32,27
28,28
11,29
30,30
3,31
32,32
33,33
34,34
35,35
3,36
37,37
39,38
39,39
46,40
41,41
42,42
43,43
44,44
45,45
43,46
47,47
48,48
49,49
50,50
51,51
52,52
53,53
54,54
55,55
56,56
57,57
58,58
59,59
0,0
18,1
2,2
3,3
4,4
5,5
6,6
7,7
8,8
9,9
11,10
10,11
12,12
13,13
14,14
15,15
16,16
17,17
18,18
19,19
20,20
21,21
22,22
23,23
24,24
25,25
26,26
27,27
28,28
29,29
30,30
31,31
32,32
33,33
34,34
35,35
36,36
37,37
39,38
39,39
40,40
41,41
42,42
43,43
44,44
45,45
43,46
47,47
48,48
49,49
50,50
51,51
52,52
53,53
54,54
55,55
56,56
56,57
58,58
59,59
43,0
1,1
2,2
3,3
4,4
5,5
6,6
7,7
8,8
9,9
10,10
28,11
12,12
13,13
14,14
16,15
16,16
17,17
18,18
19,19
20,20
21,21
22,22
23,23
24,24
25,25
26,26
27,27
28,28
29,29
30,30
31,31
32,32
33,33
34,34
35,35
36,36
37,37
39,38
39,39
40,40
41,41
42,42
43,43
44,44
45,45
43,46
47,47
48,48
49,49
50,50
51,51
52,52
52,53
54,54
55,55
56,56
57,57
58,58
59,59
0,0
18,1
2,2
3,3
4,4
5,5
6,6
7,7
8,8
9,9
10,10
29,11
12,12
13,13
14,14
23,15
16,16
17,17
18,18
19,19
20,20
21,21
22,22
23,23
24,24
25,25
26,26
27,27
11,28
15,29
30,30
31,31
32,32
33,33
34,34
35,35
36,36
37,37
37,38
31,39
43,40
41,41
42,42
43,43
44,44
24,45
43,46
47,47
48,48
49,49
50,50
51,51
52,52
53,53
54,54
55,55
56,56
57,57
58,58
59,59
0,0
1,1
2,2
3,3
4,4
5,5
6,6
7,7
8,8
9,9
10,10
10,11
12,12
13,13
14,14
15,15
16,16
17,17
18,18
19,19
20,20
21,21
22,22
23,23
24,24
25,25
26,26
27,27
28,28
11,29
30,30
31,31
32,32
33,33
34,34
35,35
36,36
37,37
39,38
39,39
40,40
41,41
42,42
43,43
44,44
45,45
46,46
47,47
48,48
49,49
50,50
51,51
52,52
52,53
54,54
55,55
56,56
57,57
58,58
41,59
0,0
1,1
2,2
3,3
4,4
5,5
6,6
7,7
8,8
9,9
10,10
10,11
12,12
13,13
14,14
23,15
16,16
17,17
18,18
19,19
20,20
21,21
22,22
23,23
24,24
25,25
26,26
27,27
28,28
10,29
30,30
31,31
32,32
33,33
34,34
35,35
36,36
37,37
39,38
39,39
40,40
41,41
42,42
43,43
44,44
45,45
43,46
47,47
48,48
49,49
50,50
51,51
52,52
53,53
54,54
56,55
56,56
57,57
58,58
59,59
37,0
37,1
43,2
3,3
4,4
5,5
6,6
7,7
8,8
9,9
10,10
10,11
12,12
13,13
14,14
15,15
23,16
17,17
18,18
19,19
20,20
21,21
22,22
23,23
24,24
25,25
26,26
37,27
28,28
11,29
30,30
31,31
32,32
33,33
34,34
35,35
36,36
37,37
32,38
39,39
40,40
41,41
42,42
43,43
44,44
45,45
43,46
47,47
48,48
49,49
50,50
51,51
52,52
52,53
54,54
55,55
56,56
57,57
58,58
59,59
0,0
1,1
44,2
3,3
4,4
5,5
6,6
7,7
8,8
1,9
11,10
11,11
12,12
13,13
14,14
15,15
16,16
17,17
18,18
19,19
20,20
21,21
22,22
23,23
24,24
25,25
26,26
43,27
28,28
29,29
30,30
31,31
32,32
33,33
34,34
35,35
36,36
37,37
38,38
39,39
40,40
41,41
42,42
43,43
44,44
45,45
46,46
47,47
48,48
49,49
50,50
51,51
52,52
53,53
54,54
55,55
56,56
57,57
58,58
59,59
0,0
1,1
2,2
3,3
4,4
5,5
6,6
7,7
8,8
9,9
10,10
11,11
12,12
13,13
14,14
15,15
16,16
17,17
18,18
19,19
20,20
21,21
22,22
23,23
37,24
25,25
26,26
27,27
10,28
29,29
30,30
31,31
32,32
33,33
34,34
35,35
36,36
37,37
38,38
39,39
40,40
41,41
42,42
46,43
44,44
45,45
46,46
40,47
48,48
49,49
50,50
51,51
52,52
53,53
54,54
55,55
56,56
57,57
58,58
59,59
0,0
1,1
2,2
3,3
4,4
5,5
6,6
7,7
8,8
46,9
29,10
10,11
32,12
13,13
14,14
15,15
15,16
17,17
18,18
19,19
20,20
48,21
37,22
23,23
24,24
25,25
26,26
27,27
28,28
10,29
30,30
31,31
4,32
33,33
34,34
35,35
3,36
37,37
38,38
39,39
44,40
41,41
42,42
46,43
44,44
45,45
0,46
47,47
48,48
50,50
51,51
52,52
53,53
54,54
57,55
56,56
57,57
58,58
59,59
0,0
1,1
2,2
3,3
4,4
5,5
6,6
7,7
8,8
9,9
28,10
11,11
12,12
13,13
14,14
15,15
16,16
17,17
18,18
19,19
20,20
21,21
22,22
23,23
24,24
25,25
26,26
27,27
28,28
29,29
30,30
31,31
32,32
33,33
34,34
35,35
36,36
37,37
38,38
39,39
40,40
41,41
42,42
43,43
44,44
45,45
46,46
47,47
48,48
49,49
50,50
51,51
53,52
53,53
54,54
55,55
56,56
57,57
58,58
58,59
0,0
1,1
2,2
3,3
4,4
5,5
6,6
7,7
8,8
1,9
11,10
11,11
12,12
13,13
14,14
15,15
16,16
17,17
18,18
19,19
20,20
21,21
48,22
23,23
24,24
25,25
26,26
27,27
28,28
29,29
30,30
31,31
32,32
33,33
34,34
35,35
3,36
37,37
38,38
39,39
40,40
41,41
42,42
43,43
44,44
45,45
46,46
47,47
48,48
49,49
50,50
49,51
52,52
53,53
54,54
53,55
56,56
57,57
58,58
59,59
0,0
0,1
46,2
3,3
37,4
5,5
6,6
7,7
8,8
48,9
28,10
11,11
12,12
13,13
14,14
15,15
16,16
27,17
3,18
46,19
20,20
21,21
22,22
23,23
38,24
25,25
26,26
46,27
28,28
29,29
30,30
31,31
32,32
33,33
34,34
35,35
3,36
37,37
38,38
39,39
40,40
41,41
42,42
2,43
44,44
40,45
46,46
40,47
48,48
49,49
50,50
51,51
53,52
53,53
54,54
56,55
56,56
57,57
58,58
59,59
0,0
10,1
36,2
0,3
4,4
5,5
3,6
7,7
8,8
9,9
11,10
11,11
13,12
13,13
14,14
16,15
16,16
0,17
18,18
19,19
20,20
21,21
22,22
23,23
45,24
25,25
26,26
27,27
28,28
29,29
30,30
32,31
32,32
9,33
5,34
35,35
3,36
37,37
38,38
39,39
47,40
41,41
42,42
43,43
44,44
45,45
46,46
47,47
48,48
49,49
50,50
51,51
52,52
53,53
54,54
55,55
56,56
57,57
58,58
59,59
3,0
1,1
43,2
3,3
28,4
34,5
6,6
7,7
8,8
9,9
10,10
11,11
27,12
13,13
14,14
15,15
16,16
17,17
18,18
19,19
20,20
21,21
48,22
23,23
24,24
25,25
26,26
15,27
10,28
29,29
30,30
31,31
32,32
9,33
34,34
35,35
36,36
37,37
38,38
39,39
40,40
41,41
42,42
43,43
44,44
45,45
46,46
47,47
48,48
49,49
50,50
51,51
52,52
52,53
54,54
55,55
56,56
57,57
58,58
59,59
0,0
0,1
43,2
3,3
4,4
5,5
6,6
7,7
8,8
48,9
10,10
10,11
33,12
14,13
14,14
15,15
16,16
43,17
18,18
19,19
20,20
46,21
46,22
23,23
29,24
25,25
26,26
27,27
28,28
31,29
30,30
31,31
11,32
33,33
5,34
37,35
3,36
37,37
27,38
39,39
40,40
41,41
42,42
43,43
45,44
45,45
46,46
47,47
48,48
49,49
50,50
51,51
53,52
53,53
54,54
55,55
56,56
57,57
58,58
59,59
13,0
1,1
2,2
3,3
28,4
5,5
6,6
7,7
8,8
48,9
29,10
28,11
12,12
13,13
14,14
47,15
23,16
17,17
18,18
19,19
20,20
21,21
48,22
23,23
24,24
25,25
26,26
27,27
28,28
28,29
30,30
31,31
32,32
33,33
34,34
45,35
3,36
37,37
38,38
39,39
40,40
41,41
42,42
43,43
44,44
45,45
46,46
47,47
48,48
49,49
50,50
51,51
52,52
53,53
50,54
56,55
56,56
57,57
58,58
59,59
0,0
17,1
2,2
3,3
30,4
5,5
6,6
7,7
8,8
9,9
10,10
11,11
12,12
13,13
14,14
16,15
5,16
17,17
18,18
19,19
20,20
21,21
48,22
23,23
24,24
25,25
26,26
27,27
28,28
2,29
30,30
31,31
32,32
33,33
34,34
35,35
3,36
37,37
38,38
39,39
40,40
41,41
42,42
43,43
47,44
45,45
46,46
47,47
48,48
49,49
50,50
51,51
53,52
53,53
54,54
55,55
56,56
57,57
58,58
59,59
0,0
1,1
43,2
3,3
31,4
5,5
6,6
45,7
16,8
33,9
10,10
11,11
12,12
13,13
14,14
24,16
27,17
18,18
19,19
20,20
21,21
48,22
24,23
27,24
25,25
26,26
46,27
28,28
11,29
30,30
31,31
6,32
33,33
34,34
35,35
48,36
37,37
18,38
39,39
40,40
41,41
49,42
3,43
47,44
41,45
46,46
47,47
48,48
49,49
50,50
51,51
43,52
53,53
54,54
55,55
56,56
57,57
58,58
59,59
2,0
1,1
2,2
43,3
4,4
5,5
6,6
7,7
8,8
9,9
28,10
11,11
12,12
13,13
14,14
15,15
16,16
17,17
18,18
19,19
20,20
3,21
22,22
23,23
24,24
25,25
26,26
27,27
28,28
29,29
30,30
32,31
32,32
33,33
34,34
35,35
36,36
37,37
38,38
39,39
40,40
41,41
42,42
43,43
44,44
34,45
46,46
47,47
48,48
49,49
50,50
51,51
52,52
52,53
55,55
56,56
57,57
58,58
59,59
0,0
18,1
43,2
3,3
4,4
5,5
6,6
7,7
8,8
9,9
28,10
11,11
12,12
13,13
14,14
15,15
16,16
17,17
18,18
19,19
20,20
21,21
22,22
23,23
24,24
25,25
26,26
27,27
28,28
28,29
30,30
32,31
32,32
33,33
34,34
24,35
3,36
37,37
38,38
39,39
40,40
41,41
42,42
43,43
44,44
47,45
46,46
47,47
48,48
49,49
50,50
51,51
53,52
53,53
24,55
56,56
24,57
58,58
59,59
0,0
18,1
2,2
3,3
4,4
5,5
6,6
7,7
8,8
9,9
28,10
11,11
12,12
13,13
14,14
15,15
16,16
17,17
18,18
19,19
20,20
21,21
22,22
23,23
24,24
25,25
26,26
0,27
28,28
28,29
30,30
28,31
32,32
33,33
34,34
35,35
36,36
37,37
38,38
39,39
40,40
41,41
42,42
43,43
44,44
44,45
46,46
47,47
48,48
49,49
50,50
51,51
52,52
52,53
54,54
55,55
56,56
57,57
58,58
59,59
0,0
1,1
2,2
3,3
4,4
5,5
6,6
7,7
8,8
33,9
10,10
11,11
12,12
13,13
14,14
15,15
16,16
0,17
18,18
19,19
20,20
21,21
22,22
23,23
45,24
25,25
26,26
24,27
10,28
11,29
30,30
31,31
32,32
33,33
34,34
35,35
36,36
37,37
38,38
39,39
40,40
41,41
42,42
43,43
44,44
45,45
43,46
47,47
48,48
49,49
50,50
51,51
52,52
52,53
54,54
55,55
56,56
57,57
58,58
59,59
0,0
1,1
2,2
3,3
4,4
5,5
6,6
7,7
8,8
33,9
28,10
29,11
12,12
13,13
14,14
15,15
16,16
17,17
18,18
19,19
20,20
22,21
22,22
23,23
24,24
25,25
26,26
27,27
28,28
11,29
30,30
31,31
32,32
33,33
34,34
35,35
36,36
37,37
38,38
39,39
40,40
41,41
42,42
43,43
44,44
45,45
36,46
47,47
48,48
49,49
50,50
51,51
52,52
57,53
54,54
55,55
56,56
57,57
58,58
58,59
0,0
18,1
43,2
3,3
4,4
5,5
6,6
7,7
8,8
9,9
10,10
11,11
12,12
13,13
14,14
16,15
16,16
10,17
18,18
19,19
20,20
21,21
22,22
23,23
16,24
25,25
26,26
1,27
11,28
28,29
30,30
32,31
32,32
33,33
34,34
28,35
3,36
53,37
38,38
39,39
40,40
41,41
42,42
27,43
44,44
16,45
43,46
47,47
48,48
49,49
50,50
51,51
52,52
53,53
54,54
55,55
56,56
57,57
58,58
59,59
